1598828321,s5,0.00,0.00,0.00,0,0,0.00,0.00,0.00,0,0,0.00,0.00,0,0
1598828321,s1,0.00,0.00,0.00,0,0,0.00,0.00,0.00,0,0,0.00,0.00,0,0
1598828321,eth0,0.00,0.00,0.00,0,0,0.00,0.00,0.00,0,0,0.00,0.00,0,0
1598828321,eth1,0.00,0.00,0.00,0,0,0.00,0.00,0.00,0,0,0.00,0.00,0,0
1598828321,s2,0.00,0.00,0.00,0,0,0.00,0.00,0.00,0,0,0.00,0.00,0,0
1598828321,s1-eth2,0.00,0.00,0.00,0,0,0.00,0.00,0.00,0,0,0.00,0.00,0,0
1598828321,s1-eth1,0.00,0.00,0.00,0,0,0.00,0.00,0.00,0,0,0.00,0.00,0,0
1598828321,s3,0.00,0.00,0.00,0,0,0.00,0.00,0.00,0,0,0.00,0.00,0,0
1598828321,s2-eth2,0.00,0.00,0.00,0,0,0.00,0.00,0.00,0,0,0.00,0.00,0,0
1598828321,s2-eth1,0.00,0.00,0.00,0,0,0.00,0.00,0.00,0,0,0.00,0.00,0,0
1598828321,lo,0.00,0.00,0.00,0,0,0.00,0.00,0.00,0,0,0.00,0.00,0,0
1598828321,s4,0.00,0.00,0.00,0,0,0.00,0.00,0.00,0,0,0.00,0.00,0,0
1598828321,s3-eth2,0.00,0.00,0.00,0,0,0.00,0.00,0.00,0,0,0.00,0.00,0,0
1598828321,s3-eth1,0.00,0.00,0.00,0,0,0.00,0.00,0.00,0,0,0.00,0.00,0,0
1598828321,total,0.00,0.00,0.00,0,0,0.00,0.00,0.00,0,0,0.00,0.00,0,0
1598828322,s5,0.00,0.00,0.00,0,0,0.00,0.00,0.00,0,0,0.00,0.00,0,0
1598828322,s1,0.00,1056.94,1056.94,1058,0,0.00,5.00,5.00,5,0,0.00,0.00,0,0
1598828322,eth0,151.85,244.76,396.60,245,152,2.00,2.00,4.00,2,2,0.00,0.00,0,0
1598828322,eth1,0.00,0.00,0.00,0,0,0.00,0.00,0.00,0,0,0.00,0.00,0,0
1598828322,s2,89.91,1406.59,1496.50,1408,90,1.00,5.99,6.99,6,1,0.00,0.00,0,0
1598828322,s1-eth2,150585.42,6140244.00,6290829.50,6146384,150736,2024.98,4059.94,6084.92,4064,2027,0.00,0.00,0,0
1598828322,s1-eth1,6134120.00,149848.16,6283968.00,149998,6140254,4060.94,2024.98,6085.91,2027,4065,0.00,0.00,0,0
1598828322,s3,0.00,2677.32,2677.32,2680,0,0.00,10.99,10.99,11,0,0.00,0.00,0,0
1598828322,s2-eth2,152081.92,6136535.50,6288617.50,6142672,152234,2029.97,4054.95,6084.92,4059,2032,0.00,0.00,0,0
1598828322,s2-eth1,6135706.50,150585.42,6286292.00,150736,6141842,4056.94,2024.98,6081.92,2027,4061,0.00,0.00,0,0
1598828322,lo,7564.44,7564.44,15128.87,7572,7572,71.93,71.93,143.86,72,72,0.00,0.00,0,0
1598828322,s4,0.00,0.00,0.00,0,0,0.00,0.00,0.00,0,0,0.00,0.00,0,0
1598828322,s3-eth2,153623.38,6142212.00,6295835.50,6148354,153777,2037.96,4056.94,6094.91,4061,2040,0.00,0.00,0,0
1598828322,s3-eth1,6112111.50,151476.61,6263588.00,152234,6142672,4038.81,2021.89,6060.70,2032,4059,0.00,0.00,0,0
1598828322,total,18795350.00,18809294.00,37604648.00,18903341,18889329,18267.66,18274.63,36542.29,18366,18359,0.00,0.00,0,0
1598828323,s5,0.00,0.00,0.00,0,0,0.00,0.00,0.00,0,0,0.00,0.00,0,0
1598828323,s1,0.00,1211.16,1211.16,1216,0,0.00,4.98,4.98,5,0,0.00,0.00,0,0
1598828323,eth0,0.00,0.00,0.00,0,0,0.00,0.00,0.00,0,0,0.00,0.00,0,0
1598828323,eth1,0.00,0.00,0.00,0,0,0.00,0.00,0.00,0,0,0.00,0.00,0,0
1598828323,s2,0.00,870.52,870.52,874,0,0.00,3.98,3.98,4,0,0.00,0.00,0,0
1598828323,s1-eth2,150612.55,6159753.00,6310365.50,6184392,151215,2034.86,4072.71,6107.57,4089,2043,0.00,0.00,0,0
1598828323,s1-eth1,6152539.00,150358.56,6302897.50,150960,6177149,4068.73,2031.87,6100.60,2040,4085,0.00,0.00,0,0
1598828323,s3,0.00,698.21,698.21,701,0,0.00,2.99,2.99,3,0,0.00,0.00,0,0
1598828323,s2-eth2,151056.78,6153274.00,6304331.00,6177887,151661,2034.86,4066.73,6101.59,4083,2043,0.00,0.00,0,0
1598828323,s2-eth1,6155229.50,150465.14,6305694.50,151067,6179850,4069.72,2032.87,6102.59,2041,4086,0.00,0.00,0,0
1598828323,lo,3937.25,3937.25,7874.50,3953,3953,37.85,37.85,75.70,38,38,0.00,0.00,0,0
1598828323,s4,0.00,0.00,0.00,0,0,0.00,0.00,0.00,0,0,0.00,0.00,0,0
1598828323,s3-eth2,152119.53,6155526.00,6307645.50,6180148,152728,2038.84,4065.74,6104.58,4082,2047,0.00,0.00,0,0
1598828323,s3-eth1,6171715.50,151509.50,6323225.00,151661,6177887,4078.92,2040.96,6119.88,2043,4083,0.00,0.00,0,0
1598828323,total,18994444.00,19002860.00,37997304.00,19002859,18994443,18425.00,18428.00,36853.00,18428,18425,0.00,0.00,0,0
1598828324,s5,0.00,0.00,0.00,0,0,0.00,0.00,0.00,0,0,0.00,0.00,0,0
1598828324,s1,0.00,781.00,781.00,781,0,0.00,5.00,5.00,5,0,0.00,0.00,0,0
1598828324,eth0,0.00,178.00,178.00,178,0,0.00,2.00,2.00,2,0,0.00,0.00,0,0
1598828324,eth1,0.00,0.00,0.00,0,0,0.00,0.00,0.00,0,0,0.00,0.00,0,0
1598828324,s2,0.00,781.00,781.00,781,0,0.00,5.00,5.00,5,0,0.00,0.00,0,0
1598828324,s1-eth2,148111.00,6046113.00,6194224.00,6046113,148111,1999.00,3997.00,5996.00,3997,1999,0.00,0.00,0,0
1598828324,s1-eth1,6049515.00,147774.00,6197289.00,147774,6049515,4001.00,1997.00,5998.00,1997,4001,0.00,0.00,0,0
1598828324,s3,0.00,514.00,514.00,514,0,0.00,4.00,4.00,4,0,0.00,0.00,0,0
1598828324,s2-eth2,147774.67,6029202.50,6176977.00,6047290,148218,1994.02,3984.05,5978.07,3996,2000,0.00,0.00,0,0
1598828324,s2-eth1,6028029.00,147668.00,6175697.00,148111,6046113,3985.04,1993.02,5978.07,1999,3997,0.00,0.00,0,0
1598828324,lo,4140.58,4140.58,8281.16,4153,4153,41.87,41.87,83.75,42,42,0.00,0.00,0,0
1598828324,s4,0.00,0.00,0.00,0,0,0.00,0.00,0.00,0,0,0.00,0.00,0,0
1598828324,s3-eth2,147953.14,6028829.50,6176782.50,6046916,148397,1993.02,3982.05,5975.07,3994,1999,0.00,0.00,0,0
1598828324,s3-eth1,6029202.50,147774.67,6176977.00,148218,6047290,3984.05,1994.02,5978.07,2000,3996,0.00,0.00,0,0
1598828324,total,18536188.00,18535222.00,37071412.00,18590829,18591797,17980.06,17987.04,35967.10,18041,18034,0.00,0.00,0,0
1598828325,s5,0.00,0.00,0.00,0,0,0.00,0.00,0.00,0,0,0.00,0.00,0,0
1598828325,s1,69.72,930.28,1000.00,934,70,1.00,5.98,6.97,6,1,0.00,0.00,0,0
1598828325,eth0,59.76,59.76,119.52,60,60,1.00,1.00,1.99,1,1,0.00,0.00,0,0
1598828325,eth1,340.64,587.65,928.29,590,342,1.00,1.00,1.99,1,1,0.00,0.00,0,0
1598828325,s2,69.72,1027.89,1097.61,1032,70,1.00,6.97,7.97,7,1,0.00,0.00,0,0
1598828325,s1-eth2,149377.50,6094629.50,6244007.00,6119008,149975,2014.94,4030.88,6045.82,4047,2023,0.00,0.00,0,0
1598828325,s1-eth1,6095095.00,148958.17,6244053.00,149554,6119475,4033.86,2012.95,6046.81,2021,4050,0.00,0.00,0,0
1598828325,s3,69.72,1293.82,1363.55,1299,70,1.00,7.97,8.96,8,1,0.00,0.00,0,0
1598828325,s2-eth2,150632.38,6118548.50,6269181.00,6124667,150783,2025.97,4044.96,6070.93,4049,2028,0.00,0.00,0,0
1598828325,s2-eth1,6114408.00,149899.11,6264307.00,150049,6120522,4043.96,2021.98,6065.93,2024,4048,0.00,0.00,0,0
1598828325,lo,7290.71,7290.71,14581.42,7298,7298,77.92,77.92,155.84,78,78,0.00,0.00,0,0
1598828325,s4,0.00,0.00,0.00,0,0,0.00,0.00,0.00,0,0,0.00,0.00,0,0
1598828325,s3-eth2,151297.00,6134798.00,6286095.00,6134798,151297,2032.00,4053.00,6085.00,4053,2032,0.00,0.00,0,0
1598828325,s3-eth1,6124667.00,150783.00,6275450.00,150783,6124667,4049.00,2028.00,6077.00,2028,4049,0.00,0.00,0,0
1598828325,total,18824628.00,18840072.00,37664700.00,18840072,18824629,18313.00,18323.00,36636.00,18323,18313,0.00,0.00,0,0
1598828326,s5,0.00,0.00,0.00,0,0,0.00,0.00,0.00,0,0,0.00,0.00,0,0
1598828326,s1,0.00,0.00,0.00,0,0,0.00,0.00,0.00,0,0,0.00,0.00,0,0
1598828326,eth0,0.00,117.88,117.88,118,0,0.00,1.00,1.00,1,0,0.00,0.00,0,0
1598828326,eth1,0.00,0.00,0.00,0,0,0.00,0.00,0.00,0,0,0.00,0.00,0,0
1598828326,s2,0.00,0.00,0.00,0,0,0.00,0.00,0.00,0,0,0.00,0.00,0,0
1598828326,s1-eth2,150957.05,6173974.00,6324931.00,6180148,151108,2039.96,4077.92,6117.88,4082,2042,0.00,0.00,0,0
1598828326,s1-eth1,6176999.00,150883.12,6327882.50,151034,6183176,4079.92,2038.96,6118.88,2041,4084,0.00,0.00,0,0
1598828326,s3,0.00,0.00,0.00,0,0,0.00,0.00,0.00,0,0,0.00,0.00,0,0
1598828326,s2-eth2,151030.97,6180024.00,6331055.00,6186204,151182,2040.96,4081.92,6122.88,4086,2043,0.00,0.00,0,0
1598828326,s2-eth1,6175486.50,150957.05,6326443.50,151108,6181662,4078.92,2039.96,6118.88,2042,4083,0.00,0.00,0,0
1598828326,lo,0.00,0.00,0.00,0,0,0.00,0.00,0.00,0,0,0.00,0.00,0,0
1598828326,s4,0.00,0.00,0.00,0,0,0.00,0.00,0.00,0,0,0.00,0.00,0,0
1598828326,s3-eth2,151699.31,6178511.50,6330211.00,6184690,151851,2042.96,4080.92,6123.88,4085,2045,0.00,0.00,0,0
1598828326,s3-eth1,6180024.00,151030.97,6331055.00,151182,6186204,4081.92,2040.96,6122.88,2043,4086,0.00,0.00,0,0
1598828326,total,18986198.00,18985500.00,37971696.00,19004484,19005183,18364.64,18361.64,36726.27,18380,18383,0.00,0.00,0,0
1598828327,s5,0.00,0.00,0.00,0,0,0.00,0.00,0.00,0,0,0.00,0.00,0,0
1598828327,s1,0.00,448.55,448.55,449,0,0.00,2.00,2.00,2,0,0.00,0.00,0,0
1598828327,eth0,0.00,236.00,236.00,236,0,0.00,2.00,2.00,2,0,0.00,0.00,0,0
1598828327,eth1,0.00,0.00,0.00,0,0,0.00,0.00,0.00,0,0,0.00,0.00,0,0
1598828327,s2,0.00,449.00,449.00,449,0,0.00,2.00,2.00,2,0,0.00,0.00,0,0
1598828327,s1-eth2,151927.00,6197251.00,6349178.00,6197251,151927,2049.00,4095.00,6144.00,4095,2049,0.00,0.00,0,0
1598828327,s1-eth1,6194223.00,151404.00,6345627.00,151404,6194223,4093.00,2046.00,6139.00,2046,4093,0.00,0.00,0,0
1598828327,s3,0.00,449.00,449.00,449,0,0.00,2.00,2.00,2,0,0.00,0.00,0,0
1598828327,s2-eth2,151705.00,6193774.00,6345479.00,6193774,151705,2046.00,4091.00,6137.00,4091,2046,0.00,0.00,0,0
1598828327,s2-eth1,6194223.00,151779.00,6346002.00,151779,6194223,4093.00,2047.00,6140.00,2047,4093,0.00,0.00,0,0
1598828327,lo,1893.00,1893.00,3786.00,1893,1893,18.00,18.00,36.00,18,18,0.00,0.00,0,0
1598828327,s4,0.00,0.00,0.00,0,0,0.00,0.00,0.00,0,0,0.00,0.00,0,0
1598828327,s3-eth2,151779.00,6196802.00,6348581.00,6196802,151779,2047.00,4093.00,6140.00,4093,2047,0.00,0.00,0,0
1598828327,s3-eth1,6193774.00,151705.00,6345479.00,151705,6193774,4091.00,2046.00,6137.00,2046,4091,0.00,0.00,0,0
1598828327,total,19039524.00,19046192.00,38085716.00,19046191,19039524,18437.00,18444.00,36881.00,18444,18437,0.00,0.00,0,0
1598828328,s5,0.00,0.00,0.00,0,0,0.00,0.00,0.00,0,0,0.00,0.00,0,0
1598828328,s1,0.00,247.00,247.00,247,0,0.00,3.00,3.00,3,0,0.00,0.00,0,0
1598828328,eth0,0.00,118.00,118.00,118,0,0.00,1.00,1.00,1,0,0.00,0.00,0,0
1598828328,eth1,0.00,0.00,0.00,0,0,0.00,0.00,0.00,0,0,0.00,0.00,0,0
1598828328,s2,0.00,247.00,247.00,247,0,0.00,3.00,3.00,3,0,0.00,0.00,0,0
1598828328,s1-eth2,150952.00,6175783.00,6326735.00,6175783,150952,2040.00,4081.00,6121.00,4081,2040,0.00,0.00,0,0
1598828328,s1-eth1,6172862.00,150882.00,6323744.00,150882,6172862,4080.00,2039.00,6119.00,2039,4080,0.00,0.00,0,0
1598828328,s3,0.00,247.00,247.00,247,0,0.00,3.00,3.00,3,0,0.00,0.00,0,0
1598828328,s2-eth2,151133.00,6178741.00,6329874.00,6178741,151133,2042.00,4082.00,6124.00,4082,2042,0.00,0.00,0,0
1598828328,s2-eth1,6175783.00,151026.00,6326809.00,151026,6175783,4081.00,2041.00,6122.00,2041,4081,0.00,0.00,0,0
1598828328,lo,2523.00,2523.00,5046.00,2523,2523,27.00,27.00,54.00,27,27,0.00,0.00,0,0
1598828328,s4,0.00,0.00,0.00,0,0,0.00,0.00,0.00,0,0,0.00,0.00,0,0
1598828328,s3-eth2,151059.00,6175606.00,6326665.00,6175606,151059,2041.00,4079.00,6120.00,4079,2041,0.00,0.00,0,0
1598828328,s3-eth1,6178741.00,151133.00,6329874.00,151133,6178741,4082.00,2042.00,6124.00,2042,4082,0.00,0.00,0,0
1598828328,total,18983052.00,18986552.00,37969608.00,18986553,18983053,18393.00,18401.00,36794.00,18401,18393,0.00,0.00,0,0
1598828329,s5,0.00,0.00,0.00,0,0,0.00,0.00,0.00,0,0,0.00,0.00,0,0
1598828329,s1,70.00,280.00,350.00,280,70,1.00,4.00,5.00,4,1,0.00,0.00,0,0
1598828329,eth0,0.00,0.00,0.00,0,0,0.00,0.00,0.00,0,0,0.00,0.00,0,0
1598828329,eth1,0.00,0.00,0.00,0,0,0.00,0.00,0.00,0,0,0.00,0.00,0,0
1598828329,s2,70.00,280.00,350.00,280,70,1.00,4.00,5.00,4,1,0.00,0.00,0,0
1598828329,s1-eth2,150586.00,6159232.00,6309818.00,6159232,150586,2035.00,4072.00,6107.00,4072,2035,0.00,0.00,0,0
1598828329,s1-eth1,6156686.00,150442.00,6307128.00,150442,6156686,4073.00,2033.00,6106.00,2033,4073,0.00,0.00,0,0
1598828329,s3,70.00,280.00,350.00,280,70,1.00,4.00,5.00,4,1,0.00,0.00,0,0
1598828329,s2-eth2,150800.00,6160676.00,6311476.00,6160676,150800,2038.00,4072.00,6110.00,4072,2038,0.00,0.00,0,0
1598828329,s2-eth1,6159232.00,150512.00,6309744.00,150512,6159232,4072.00,2034.00,6106.00,2034,4072,0.00,0.00,0,0
1598828329,lo,4020.00,4020.00,8040.00,4020,4020,45.00,45.00,90.00,45,45,0.00,0.00,0,0
1598828329,s4,0.00,0.00,0.00,0,0,0.00,0.00,0.00,0,0,0.00,0.00,0,0
1598828329,s3-eth2,150825.00,6160536.00,6311361.00,6160536,150825,2038.00,4070.00,6108.00,4070,2038,0.00,0.00,0,0
1598828329,s3-eth1,6160676.00,150800.00,6311476.00,150800,6160676,4072.00,2038.00,6110.00,2038,4072,0.00,0.00,0,0
1598828329,total,18933036.00,18937058.00,37870092.00,18937058,18933035,18376.00,18376.00,36752.00,18376,18376,0.00,0.00,0,0
1598828330,s5,0.00,0.00,0.00,0,0,0.00,0.00,0.00,0,0,0.00,0.00,0,0
1598828330,s1,0.00,342.00,342.00,342,0,0.00,1.00,1.00,1,0,0.00,0.00,0,0
1598828330,eth0,0.00,118.00,118.00,118,0,0.00,1.00,1.00,1,0,0.00,0.00,0,0
1598828330,eth1,60.00,60.00,120.00,60,60,1.00,1.00,2.00,1,1,0.00,0.00,0,0
1598828330,s2,0.00,342.00,342.00,342,0,0.00,1.00,1.00,1,0,0.00,0.00,0,0
1598828330,s1-eth2,151404.00,6198658.00,6350062.00,6198658,151404,2046.00,4095.00,6141.00,4095,2046,0.00,0.00,0,0
1598828330,s1-eth1,6198658.00,151478.00,6350136.00,151478,6198658,4095.00,2047.00,6142.00,2047,4095,0.00,0.00,0,0
1598828330,s3,0.00,342.00,342.00,342,0,0.00,1.00,1.00,1,0,0.00,0.00,0,0
1598828330,s2-eth2,151520.48,6190953.00,6342473.50,6197144,151672,2043.96,4089.91,6133.87,4094,2046,0.00,0.00,0,0
1598828330,s2-eth1,6198658.00,151478.00,6350136.00,151478,6198658,4095.00,2047.00,6142.00,2047,4095,0.00,0.00,0,0
1598828330,lo,1322.00,1322.00,2644.00,1322,1322,15.00,15.00,30.00,15,15,0.00,0.00,0,0
1598828330,s4,0.00,0.00,0.00,0,0,0.00,0.00,0.00,0,0,0.00,0.00,0,0
1598828330,s3-eth2,151894.00,6201344.00,6353238.00,6201344,151894,2049.00,4096.00,6145.00,4096,2049,0.00,0.00,0,0
1598828330,s3-eth1,6197144.00,151672.00,6348816.00,151672,6197144,4094.00,2046.00,6140.00,2046,4094,0.00,0.00,0,0
1598828330,total,19050812.00,19054300.00,38105112.00,19054300,19050812,18441.00,18445.00,36886.00,18445,18441,0.00,0.00,0,0
1598828331,s5,0.00,0.00,0.00,0,0,0.00,0.00,0.00,0,0,0.00,0.00,0,0
1598828331,s1,0.00,0.00,0.00,0,0,0.00,0.00,0.00,0,0,0.00,0.00,0,0
1598828331,eth0,0.00,236.00,236.00,236,0,0.00,2.00,2.00,2,0,0.00,0.00,0,0
1598828331,eth1,0.00,0.00,0.00,0,0,0.00,0.00,0.00,0,0,0.00,0.00,0,0
1598828331,s2,0.00,0.00,0.00,0,0,0.00,0.00,0.00,0,0,0.00,0.00,0,0
1598828331,s1-eth2,151848.00,6214970.00,6366818.00,6214970,151848,2052.00,4105.00,6157.00,4105,2052,0.00,0.00,0,0
1598828331,s1-eth1,6211942.00,151848.00,6363790.00,151848,6211942,4103.00,2052.00,6155.00,2052,4103,0.00,0.00,0,0
1598828331,s3,0.00,0.00,0.00,0,0,0.00,0.00,0.00,0,0,0.00,0.00,0,0
1598828331,s2-eth2,151922.00,6213456.00,6365378.00,6213456,151922,2053.00,4104.00,6157.00,4104,2053,0.00,0.00,0,0
1598828331,s2-eth1,6214970.00,151774.00,6366744.00,151774,6214970,4105.00,2051.00,6156.00,2051,4105,0.00,0.00,0,0
1598828331,lo,0.00,0.00,0.00,0,0,0.00,0.00,0.00,0,0,0.00,0.00,0,0
1598828331,s4,0.00,0.00,0.00,0,0,0.00,0.00,0.00,0,0,0.00,0.00,0,0
1598828331,s3-eth2,151922.00,6211942.00,6363864.00,6211942,151922,2053.00,4103.00,6156.00,4103,2053,0.00,0.00,0,0
1598828331,s3-eth1,6213456.00,151922.00,6365378.00,151922,6213456,4104.00,2053.00,6157.00,2053,4104,0.00,0.00,0,0
1598828331,total,19096060.00,19096148.00,38192208.00,19096148,19096060,18470.00,18470.00,36940.00,18470,18470,0.00,0.00,0,0
1598828332,s5,0.00,0.00,0.00,0,0,0.00,0.00,0.00,0,0,0.00,0.00,0,0
1598828332,s1,0.00,0.00,0.00,0,0,0.00,0.00,0.00,0,0,0.00,0.00,0,0
1598828332,eth0,0.00,0.00,0.00,0,0,0.00,0.00,0.00,0,0,0.00,0.00,0,0
1598828332,eth1,0.00,0.00,0.00,0,0,0.00,0.00,0.00,0,0,0.00,0.00,0,0
1598828332,s2,0.00,0.00,0.00,0,0,0.00,0.00,0.00,0,0,0.00,0.00,0,0
1598828332,s1-eth2,150738.00,6171064.00,6321802.00,6171064,150738,2037.00,4076.00,6113.00,4076,2037,0.00,0.00,0,0
1598828332,s1-eth1,6169550.00,150738.00,6320288.00,150738,6169550,4075.00,2037.00,6112.00,2037,4075,0.00,0.00,0,0
1598828332,s3,0.00,0.00,0.00,0,0,0.00,0.00,0.00,0,0,0.00,0.00,0,0
1598828332,s2-eth2,150664.00,6165008.00,6315672.00,6165008,150664,2036.00,4072.00,6108.00,4072,2036,0.00,0.00,0,0
1598828332,s2-eth1,6171064.00,150812.00,6321876.00,150812,6171064,4076.00,2038.00,6114.00,2038,4076,0.00,0.00,0,0
1598828332,lo,0.00,0.00,0.00,0,0,0.00,0.00,0.00,0,0,0.00,0.00,0,0
1598828332,s4,0.00,0.00,0.00,0,0,0.00,0.00,0.00,0,0,0.00,0.00,0,0
1598828332,s3-eth2,150664.00,6165008.00,6315672.00,6165008,150664,2036.00,4072.00,6108.00,4072,2036,0.00,0.00,0,0
1598828332,s3-eth1,6165008.00,150664.00,6315672.00,150664,6165008,4072.00,2036.00,6108.00,2036,4072,0.00,0.00,0,0
1598828332,total,18957688.00,18953294.00,37910984.00,18953294,18957688,18332.00,18331.00,36663.00,18331,18332,0.00,0.00,0,0
1598828333,s5,0.00,0.00,0.00,0,0,0.00,0.00,0.00,0,0,0.00,0.00,0,0
1598828333,s1,0.00,0.00,0.00,0,0,0.00,0.00,0.00,0,0,0.00,0.00,0,0
1598828333,eth0,0.00,379.00,379.00,379,0,0.00,3.00,3.00,3,0,0.00,0.00,0,0
1598828333,eth1,0.00,0.00,0.00,0,0,0.00,0.00,0.00,0,0,0.00,0.00,0,0
1598828333,s2,0.00,342.00,342.00,342,0,0.00,1.00,1.00,1,0,0.00,0.00,0,0
1598828333,s1-eth2,152042.00,6210428.00,6362470.00,6210428,152042,2051.00,4102.00,6153.00,4102,2051,0.00,0.00,0,0
1598828333,s1-eth1,6207400.00,151700.00,6359100.00,151700,6207400,4100.00,2050.00,6150.00,2050,4100,0.00,0.00,0,0
1598828333,s3,0.00,342.00,342.00,342,0,0.00,1.00,1.00,1,0,0.00,0.00,0,0
1598828333,s2-eth2,152042.00,6208914.00,6360956.00,6208914,152042,2051.00,4101.00,6152.00,4101,2051,0.00,0.00,0,0
1598828333,s2-eth1,6210428.00,152042.00,6362470.00,152042,6210428,4102.00,2051.00,6153.00,2051,4102,0.00,0.00,0,0
1598828333,lo,652.00,652.00,1304.00,652,652,6.00,6.00,12.00,6,6,0.00,0.00,0,0
1598828333,s4,0.00,0.00,0.00,0,0,0.00,0.00,0.00,0,0,0.00,0.00,0,0
1598828333,s3-eth2,152042.00,6192260.00,6344302.00,6192260,152042,2051.00,4090.00,6141.00,4090,2051,0.00,0.00,0,0
1598828333,s3-eth1,6208914.00,152042.00,6360956.00,152042,6208914,4101.00,2051.00,6152.00,2051,4101,0.00,0.00,0,0
1598828333,total,19083520.00,19069100.00,38152620.00,19069101,19083520,18462.00,18456.00,36918.00,18456,18462,0.00,0.00,0,0
1598828334,s5,0.00,0.00,0.00,0,0,0.00,0.00,0.00,0,0,0.00,0.00,0,0
1598828334,s1,0.00,342.00,342.00,342,0,0.00,1.00,1.00,1,0,0.00,0.00,0,0
1598828334,eth0,0.00,466.00,466.00,466,0,0.00,3.00,3.00,3,0,0.00,0.00,0,0
1598828334,eth1,0.00,0.00,0.00,0,0,0.00,0.00,0.00,0,0,0.00,0.00,0,0
1598828334,s2,0.00,0.00,0.00,0,0,0.00,0.00,0.00,0,0,0.00,0.00,0,0
1598828334,s1-eth2,151848.00,6212284.00,6364132.00,6212284,151848,2052.00,4104.00,6156.00,4104,2052,0.00,0.00,0,0
1598828334,s1-eth1,6213798.00,151848.00,6365646.00,151848,6213798,4105.00,2052.00,6157.00,2052,4105,0.00,0.00,0,0
1598828334,s3,0.00,0.00,0.00,0,0,0.00,0.00,0.00,0,0,0.00,0.00,0,0
1598828334,s2-eth2,151848.00,6210428.00,6362276.00,6210428,151848,2052.00,4102.00,6154.00,4102,2052,0.00,0.00,0,0
1598828334,s2-eth1,6212284.00,151848.00,6364132.00,151848,6212284,4104.00,2052.00,6156.00,2052,4104,0.00,0.00,0,0
1598828334,lo,326.00,326.00,652.00,326,326,3.00,3.00,6.00,3,3,0.00,0.00,0,0
1598828334,s4,0.00,0.00,0.00,0,0,0.00,0.00,0.00,0,0,0.00,0.00,0,0
1598828334,s3-eth2,151848.00,6211942.00,6363790.00,6211942,151848,2052.00,4103.00,6155.00,4103,2052,0.00,0.00,0,0
1598828334,s3-eth1,6210428.00,151848.00,6362276.00,151848,6210428,4102.00,2052.00,6154.00,2052,4102,0.00,0.00,0,0
1598828334,total,19092380.00,19091332.00,38183712.00,19091332,19092380,18470.00,18472.00,36942.00,18472,18470,0.00,0.00,0,0
1598828335,s5,0.00,0.00,0.00,0,0,0.00,0.00,0.00,0,0,0.00,0.00,0,0
1598828335,s1,0.00,107.00,107.00,107,0,0.00,1.00,1.00,1,0,0.00,0.00,0,0
1598828335,eth0,0.00,376.00,376.00,376,0,0.00,3.00,3.00,3,0,0.00,0.00,0,0
1598828335,eth1,0.00,0.00,0.00,0,0,0.00,0.00,0.00,0,0,0.00,0.00,0,0
1598828335,s2,0.00,107.00,107.00,107,0,0.00,1.00,1.00,1,0,0.00,0.00,0,0
1598828335,s1-eth2,151733.00,6202965.00,6354698.00,6202965,151733,2050.00,4098.00,6148.00,4098,2050,0.00,0.00,0,0
1598828335,s1-eth1,6204479.00,151626.00,6356105.00,151626,6204479,4099.00,2049.00,6148.00,2049,4099,0.00,0.00,0,0
1598828335,s3,0.00,107.00,107.00,107,0,0.00,1.00,1.00,1,0,0.00,0.00,0,0
1598828335,s2-eth2,151733.00,6205886.00,6357619.00,6205886,151733,2050.00,4099.00,6149.00,4099,2050,0.00,0.00,0,0
1598828335,s2-eth1,6202965.00,151733.00,6354698.00,151733,6202965,4098.00,2050.00,6148.00,2050,4098,0.00,0.00,0,0
1598828335,lo,1259.00,1259.00,2518.00,1259,1259,15.00,15.00,30.00,15,15,0.00,0.00,0,0
1598828335,s4,0.00,0.00,0.00,0,0,0.00,0.00,0.00,0,0,0.00,0.00,0,0
1598828335,s3-eth2,151733.00,6208914.00,6360647.00,6208914,151733,2050.00,4101.00,6151.00,4101,2050,0.00,0.00,0,0
1598828335,s3-eth1,6205886.00,151733.00,6357619.00,151733,6205886,4099.00,2050.00,6149.00,2050,4099,0.00,0.00,0,0
1598828335,total,19069788.00,19074812.00,38144600.00,19074813,19069788,18461.00,18468.00,36929.00,18468,18461,0.00,0.00,0,0
1598828336,s5,0.00,0.00,0.00,0,0,0.00,0.00,0.00,0,0,0.00,0.00,0,0
1598828336,s1,0.00,107.00,107.00,107,0,0.00,1.00,1.00,1,0,0.00,0.00,0,0
1598828336,eth0,0.00,0.00,0.00,0,0,0.00,0.00,0.00,0,0,0.00,0.00,0,0
1598828336,eth1,0.00,0.00,0.00,0,0,0.00,0.00,0.00,0,0,0.00,0.00,0,0
1598828336,s2,0.00,107.00,107.00,107,0,0.00,1.00,1.00,1,0,0.00,0.00,0,0
1598828336,s1-eth2,150442.00,6154517.00,6304959.00,6154517,150442,2033.00,4066.00,6099.00,4066,2033,0.00,0.00,0,0
1598828336,s1-eth1,6154624.00,150442.00,6305066.00,150442,6154624,4067.00,2033.00,6100.00,2033,4067,0.00,0.00,0,0
1598828336,s3,0.00,107.00,107.00,107,0,0.00,1.00,1.00,1,0,0.00,0.00,0,0
1598828336,s2-eth2,150549.00,6146947.00,6297496.00,6146947,150549,2034.00,4061.00,6095.00,4061,2034,0.00,0.00,0,0
1598828336,s2-eth1,6153003.00,150368.00,6303371.00,150368,6153003,4065.00,2032.00,6097.00,2032,4065,0.00,0.00,0,0
1598828336,lo,915.00,915.00,1830.00,915,915,9.00,9.00,18.00,9,9,0.00,0.00,0,0
1598828336,s4,0.00,0.00,0.00,0,0,0.00,0.00,0.00,0,0,0.00,0.00,0,0
1598828336,s3-eth2,150549.00,6149868.00,6300417.00,6149868,150549,2034.00,4062.00,6096.00,4062,2034,0.00,0.00,0,0
1598828336,s3-eth1,6146947.00,150549.00,6297496.00,150549,6146947,4061.00,2034.00,6095.00,2034,4061,0.00,0.00,0,0
1598828336,total,18907028.00,18903928.00,37810956.00,18903927,18907029,18303.00,18300.00,36603.00,18300,18303,0.00,0.00,0,0
1598828337,s5,0.00,0.00,0.00,0,0,0.00,0.00,0.00,0,0,0.00,0.00,0,0
1598828337,s1,0.00,0.00,0.00,0,0,0.00,0.00,0.00,0,0,0.00,0.00,0,0
1598828337,eth0,0.00,500.00,500.00,500,0,0.00,3.00,3.00,3,0,0.00,0.00,0,0
1598828337,eth1,0.00,0.00,0.00,0,0,0.00,0.00,0.00,0,0,0.00,0.00,0,0
1598828337,s2,0.00,0.00,0.00,0,0,0.00,0.00,0.00,0,0,0.00,0.00,0,0
1598828337,s1-eth2,151626.00,6193774.00,6345400.00,6193774,151626,2049.00,4091.00,6140.00,4091,2049,0.00,0.00,0,0
1598828337,s1-eth1,6204372.00,151626.00,6355998.00,151626,6204372,4098.00,2049.00,6147.00,2049,4098,0.00,0.00,0,0
1598828337,s3,0.00,342.00,342.00,342,0,0.00,1.00,1.00,1,0,0.00,0.00,0,0
1598828337,s2-eth2,151968.00,6195288.00,6347256.00,6195288,151968,2050.00,4092.00,6142.00,4092,2050,0.00,0.00,0,0
1598828337,s2-eth1,6195288.00,151626.00,6346914.00,151626,6195288,4092.00,2049.00,6141.00,2049,4092,0.00,0.00,0,0
1598828337,lo,326.00,326.00,652.00,326,326,3.00,3.00,6.00,3,3,0.00,0.00,0,0
1598828337,s4,0.00,0.00,0.00,0,0,0.00,0.00,0.00,0,0,0.00,0.00,0,0
1598828337,s3-eth2,151705.00,6187718.00,6339423.00,6187718,151705,2046.00,4087.00,6133.00,4087,2046,0.00,0.00,0,0
1598828337,s3-eth1,6195288.00,151968.00,6347256.00,151968,6195288,4092.00,2050.00,6142.00,2050,4092,0.00,0.00,0,0
1598828337,total,19050572.00,19033168.00,38083740.00,19033168,19050573,18430.00,18425.00,36855.00,18425,18430,0.00,0.00,0,0
1598828338,s5,0.00,0.00,0.00,0,0,0.00,0.00,0.00,0,0,0.00,0.00,0,0
1598828338,s1,0.00,0.00,0.00,0,0,0.00,0.00,0.00,0,0,0.00,0.00,0,0
1598828338,eth0,0.00,118.00,118.00,118,0,0.00,1.00,1.00,1,0,0.00,0.00,0,0
1598828338,eth1,0.00,0.00,0.00,0,0,0.00,0.00,0.00,0,0,0.00,0.00,0,0
1598828338,s2,0.00,0.00,0.00,0,0,0.00,0.00,0.00,0,0,0.00,0.00,0,0
1598828338,s1-eth2,151922.00,6214970.00,6366892.00,6214970,151922,2053.00,4105.00,6158.00,4105,2053,0.00,0.00,0,0
1598828338,s1-eth1,6216484.00,151922.00,6368406.00,151922,6216484,4106.00,2053.00,6159.00,2053,4106,0.00,0.00,0,0
1598828338,s3,0.00,0.00,0.00,0,0,0.00,0.00,0.00,0,0,0.00,0.00,0,0
1598828338,s2-eth2,151922.00,6216484.00,6368406.00,6216484,151922,2053.00,4106.00,6159.00,4106,2053,0.00,0.00,0,0
1598828338,s2-eth1,6216484.00,151922.00,6368406.00,151922,6216484,4106.00,2053.00,6159.00,2053,4106,0.00,0.00,0,0
1598828338,lo,0.00,0.00,0.00,0,0,0.00,0.00,0.00,0,0,0.00,0.00,0,0
1598828338,s4,0.00,0.00,0.00,0,0,0.00,0.00,0.00,0,0,0.00,0.00,0,0
1598828338,s3-eth2,152634.00,6216484.00,6369118.00,6216484,152634,2059.00,4106.00,6165.00,4106,2059,0.00,0.00,0,0
1598828338,s3-eth1,6216484.00,151922.00,6368406.00,151922,6216484,4106.00,2053.00,6159.00,2053,4106,0.00,0.00,0,0
1598828338,total,19105930.00,19103822.00,38209752.00,19103822,19105930,18483.00,18477.00,36960.00,18477,18483,0.00,0.00,0,0
1598828339,s5,0.00,0.00,0.00,0,0,0.00,0.00,0.00,0,0,0.00,0.00,0,0
1598828339,s1,0.00,0.00,0.00,0,0,0.00,0.00,0.00,0,0,0.00,0.00,0,0
1598828339,eth0,0.00,236.00,236.00,236,0,0.00,2.00,2.00,2,0,0.00,0.00,0,0
1598828339,eth1,0.00,0.00,0.00,0,0,0.00,0.00,0.00,0,0,0.00,0.00,0,0
1598828339,s2,0.00,0.00,0.00,0,0,0.00,0.00,0.00,0,0,0.00,0.00,0,0
1598828339,s1-eth2,150516.00,6163494.00,6314010.00,6163494,150516,2034.00,4071.00,6105.00,4071,2034,0.00,0.00,0,0
1598828339,s1-eth1,6160466.00,150516.00,6310982.00,150516,6160466,4069.00,2034.00,6103.00,2034,4069,0.00,0.00,0,0
1598828339,s3,0.00,0.00,0.00,0,0,0.00,0.00,0.00,0,0,0.00,0.00,0,0
1598828339,s2-eth2,150516.00,6166522.00,6317038.00,6166522,150516,2034.00,4073.00,6107.00,4073,2034,0.00,0.00,0,0
1598828339,s2-eth1,6163494.00,150590.00,6314084.00,150590,6163494,4071.00,2035.00,6106.00,2035,4071,0.00,0.00,0,0
1598828339,lo,0.00,0.00,0.00,0,0,0.00,0.00,0.00,0,0,0.00,0.00,0,0
1598828339,s4,0.00,0.00,0.00,0,0,0.00,0.00,0.00,0,0,0.00,0.00,0,0
1598828339,s3-eth2,150516.00,6171064.00,6321580.00,6171064,150516,2034.00,4076.00,6110.00,4076,2034,0.00,0.00,0,0
1598828339,s3-eth1,6166522.00,150516.00,6317038.00,150516,6166522,4073.00,2034.00,6107.00,2034,4073,0.00,0.00,0,0
1598828339,total,18942030.00,18952938.00,37894968.00,18952938,18942030,18315.00,18325.00,36640.00,18325,18315,0.00,0.00,0,0
1598828340,s5,0.00,0.00,0.00,0,0,0.00,0.00,0.00,0,0,0.00,0.00,0,0
1598828340,s1,0.00,0.00,0.00,0,0,0.00,0.00,0.00,0,0,0.00,0.00,0,0
1598828340,eth0,0.00,0.00,0.00,0,0,0.00,0.00,0.00,0,0,0.00,0.00,0,0
1598828340,eth1,0.00,0.00,0.00,0,0,0.00,0.00,0.00,0,0,0.00,0.00,0,0
1598828340,s2,0.00,0.00,0.00,0,0,0.00,0.00,0.00,0,0,0.00,0.00,0,0
1598828340,s1-eth2,150886.00,6174092.00,6324978.00,6174092,150886,2039.00,4078.00,6117.00,4078,2039,0.00,0.00,0,0
1598828340,s1-eth1,6174092.00,150960.00,6325052.00,150960,6174092,4078.00,2040.00,6118.00,2040,4078,0.00,0.00,0,0
1598828340,s3,0.00,0.00,0.00,0,0,0.00,0.00,0.00,0,0,0.00,0.00,0,0
1598828340,s2-eth2,150886.00,6174092.00,6324978.00,6174092,150886,2039.00,4078.00,6117.00,4078,2039,0.00,0.00,0,0
1598828340,s2-eth1,6172578.00,150886.00,6323464.00,150886,6172578,4077.00,2039.00,6116.00,2039,4077,0.00,0.00,0,0
1598828340,lo,688.00,688.00,1376.00,688,688,12.00,12.00,24.00,12,12,0.00,0.00,0,0
1598828340,s4,0.00,0.00,0.00,0,0,0.00,0.00,0.00,0,0,0.00,0.00,0,0
1598828340,s3-eth2,150960.00,6175606.00,6326566.00,6175606,150960,2040.00,4079.00,6119.00,4079,2040,0.00,0.00,0,0
1598828340,s3-eth1,6174092.00,150886.00,6324978.00,150886,6174092,4078.00,2039.00,6117.00,2039,4078,0.00,0.00,0,0
1598828340,total,18974182.00,18977210.00,37951392.00,18977210,18974182,18363.00,18365.00,36728.00,18365,18363,0.00,0.00,0,0
1598828341,s5,0.00,0.00,0.00,0,0,0.00,0.00,0.00,0,0,0.00,0.00,0,0
1598828341,s1,0.00,342.00,342.00,342,0,0.00,1.00,1.00,1,0,0.00,0.00,0,0
1598828341,eth0,0.00,236.00,236.00,236,0,0.00,2.00,2.00,2,0,0.00,0.00,0,0
1598828341,eth1,0.00,0.00,0.00,0,0,0.00,0.00,0.00,0,0,0.00,0.00,0,0
1598828341,s2,0.00,0.00,0.00,0,0,0.00,0.00,0.00,0,0,0.00,0.00,0,0
1598828341,s1-eth2,150294.00,6157780.00,6308074.00,6157780,150294,2031.00,4068.00,6099.00,4068,2031,0.00,0.00,0,0
1598828341,s1-eth1,6150210.00,150220.00,6300430.00,150220,6150210,4063.00,2030.00,6093.00,2030,4063,0.00,0.00,0,0
1598828341,s3,0.00,0.00,0.00,0,0,0.00,0.00,0.00,0,0,0.00,0.00,0,0
1598828341,s2-eth2,150220.00,6152896.00,6303116.00,6152896,150220,2030.00,4064.00,6094.00,4064,2030,0.00,0.00,0,0
1598828341,s2-eth1,6157780.00,150220.00,6308000.00,150220,6157780,4068.00,2030.00,6098.00,2030,4068,0.00,0.00,0,0
1598828341,lo,498.00,498.00,996.00,498,498,6.00,6.00,12.00,6,6,0.00,0.00,0,0
1598828341,s4,0.00,0.00,0.00,0,0,0.00,0.00,0.00,0,0,0.00,0.00,0,0
1598828341,s3-eth2,150146.00,6151382.00,6301528.00,6151382,150146,2029.00,4063.00,6092.00,4063,2029,0.00,0.00,0,0
1598828341,s3-eth1,6152896.00,150220.00,6303116.00,150220,6152896,4064.00,2030.00,6094.00,2030,4064,0.00,0.00,0,0
1598828341,total,18912044.00,18913794.00,37825840.00,18913794,18912044,18291.00,18294.00,36585.00,18294,18291,0.00,0.00,0,0
1598828342,s5,0.00,0.00,0.00,0,0,0.00,0.00,0.00,0,0,0.00,0.00,0,0
1598828342,s1,0.00,0.00,0.00,0,0,0.00,0.00,0.00,0,0,0.00,0.00,0,0
1598828342,eth0,0.00,118.00,118.00,118,0,0.00,1.00,1.00,1,0,0.00,0.00,0,0
1598828342,eth1,0.00,0.00,0.00,0,0,0.00,0.00,0.00,0,0,0.00,0.00,0,0
1598828342,s2,0.00,0.00,0.00,0,0,0.00,0.00,0.00,0,0,0.00,0.00,0,0
1598828342,s1-eth2,151996.00,6219512.00,6371508.00,6219512,151996,2054.00,4108.00,6162.00,4108,2054,0.00,0.00,0,0
1598828342,s1-eth1,6221026.00,152070.00,6373096.00,152070,6221026,4109.00,2055.00,6164.00,2055,4109,0.00,0.00,0,0
1598828342,s3,0.00,0.00,0.00,0,0,0.00,0.00,0.00,0,0,0.00,0.00,0,0
1598828342,s2-eth2,152070.00,6221026.00,6373096.00,6221026,152070,2055.00,4109.00,6164.00,4109,2055,0.00,0.00,0,0
1598828342,s2-eth1,6219512.00,152070.00,6371582.00,152070,6219512,4108.00,2055.00,6163.00,2055,4108,0.00,0.00,0,0
1598828342,lo,0.00,0.00,0.00,0,0,0.00,0.00,0.00,0,0,0.00,0.00,0,0
1598828342,s4,0.00,0.00,0.00,0,0,0.00,0.00,0.00,0,0,0.00,0.00,0,0
1598828342,s3-eth2,152144.00,6221026.00,6373170.00,6221026,152144,2056.00,4109.00,6165.00,4109,2056,0.00,0.00,0,0
1598828342,s3-eth1,6221026.00,152070.00,6373096.00,152070,6221026,4109.00,2055.00,6164.00,2055,4109,0.00,0.00,0,0
1598828342,total,19117774.00,19117892.00,38235664.00,19117892,19117774,18491.00,18492.00,36983.00,18492,18491,0.00,0.00,0,0
1598828343,s5,0.00,0.00,0.00,0,0,0.00,0.00,0.00,0,0,0.00,0.00,0,0
1598828343,s1,0.00,0.00,0.00,0,0,0.00,0.00,0.00,0,0,0.00,0.00,0,0
1598828343,eth0,0.00,118.00,118.00,118,0,0.00,1.00,1.00,1,0,0.00,0.00,0,0
1598828343,eth1,0.00,0.00,0.00,0,0,0.00,0.00,0.00,0,0,0.00,0.00,0,0
1598828343,s2,0.00,342.00,342.00,342,0,0.00,1.00,1.00,1,0,0.00,0.00,0,0
1598828343,s1-eth2,152190.00,6214970.00,6367160.00,6214970,152190,2053.00,4105.00,6158.00,4105,2053,0.00,0.00,0,0
1598828343,s1-eth1,6211942.00,151774.00,6363716.00,151774,6211942,4103.00,2051.00,6154.00,2051,4103,0.00,0.00,0,0
1598828343,s3,0.00,342.00,342.00,342,0,0.00,1.00,1.00,1,0,0.00,0.00,0,0
1598828343,s2-eth2,152190.00,6216484.00,6368674.00,6216484,152190,2053.00,4106.00,6159.00,4106,2053,0.00,0.00,0,0
1598828343,s2-eth1,6213456.00,152190.00,6365646.00,152190,6213456,4104.00,2053.00,6157.00,2053,4104,0.00,0.00,0,0
1598828343,lo,652.00,652.00,1304.00,652,652,6.00,6.00,12.00,6,6,0.00,0.00,0,0
1598828343,s4,0.00,0.00,0.00,0,0,0.00,0.00,0.00,0,0,0.00,0.00,0,0
1598828343,s3-eth2,152116.00,6214970.00,6367086.00,6214970,152116,2052.00,4105.00,6157.00,4105,2052,0.00,0.00,0,0
1598828343,s3-eth1,6216484.00,152190.00,6368674.00,152190,6216484,4106.00,2053.00,6159.00,2053,4106,0.00,0.00,0,0
1598828343,total,19099030.00,19104032.00,38203064.00,19104032,19099030,18477.00,18482.00,36959.00,18482,18477,0.00,0.00,0,0
1598828344,s5,0.00,0.00,0.00,0,0,0.00,0.00,0.00,0,0,0.00,0.00,0,0
1598828344,s1,0.00,342.00,342.00,342,0,0.00,1.00,1.00,1,0,0.00,0.00,0,0
1598828344,eth0,0.00,178.00,178.00,178,0,0.00,2.00,2.00,2,0,0.00,0.00,0,0
1598828344,eth1,0.00,0.00,0.00,0,0,0.00,0.00,0.00,0,0,0.00,0.00,0,0
1598828344,s2,0.00,342.00,342.00,342,0,0.00,1.00,1.00,1,0,0.00,0.00,0,0
1598828344,s1-eth2,148666.00,6072996.00,6221662.00,6072996,148666,2009.00,4012.00,6021.00,4012,2009,0.00,0.00,0,0
1598828344,s1-eth1,6080566.00,148666.00,6229232.00,148666,6080566,4017.00,2009.00,6026.00,2009,4017,0.00,0.00,0,0
1598828344,s3,0.00,342.00,342.00,342,0,0.00,1.00,1.00,1,0,0.00,0.00,0,0
1598828344,s2-eth2,148934.00,6069968.00,6218902.00,6069968,148934,2009.00,4010.00,6019.00,4010,2009,0.00,0.00,0,0
1598828344,s2-eth1,6072996.00,148592.00,6221588.00,148592,6072996,4012.00,2008.00,6020.00,2008,4012,0.00,0.00,0,0
1598828344,lo,978.00,978.00,1956.00,978,978,9.00,9.00,18.00,9,9,0.00,0.00,0,0
1598828344,s4,0.00,0.00,0.00,0,0,0.00,0.00,0.00,0,0,0.00,0.00,0,0
1598828344,s3-eth2,148934.00,6074168.00,6223102.00,6074168,148934,2009.00,4012.00,6021.00,4012,2009,0.00,0.00,0,0
1598828344,s3-eth1,6069968.00,148934.00,6218902.00,148934,6069968,4010.00,2009.00,6019.00,2009,4010,0.00,0.00,0,0
1598828344,total,18671042.00,18665506.00,37336548.00,18665506,18671042,18075.00,18074.00,36149.00,18074,18075,0.00,0.00,0,0
1598828345,s5,0.00,0.00,0.00,0,0,0.00,0.00,0.00,0,0,0.00,0.00,0,0
1598828345,s1,0.00,0.00,0.00,0,0,0.00,0.00,0.00,0,0,0.00,0.00,0,0
1598828345,eth0,0.00,118.00,118.00,118,0,0.00,1.00,1.00,1,0,0.00,0.00,0,0
1598828345,eth1,0.00,0.00,0.00,0,0,0.00,0.00,0.00,0,0,0.00,0.00,0,0
1598828345,s2,0.00,0.00,0.00,0,0,0.00,0.00,0.00,0,0,0.00,0.00,0,0
1598828345,s1-eth2,151700.00,6208914.00,6360614.00,6208914,151700,2050.00,4101.00,6151.00,4101,2050,0.00,0.00,0,0
1598828345,s1-eth1,6210428.00,151774.00,6362202.00,151774,6210428,4102.00,2051.00,6153.00,2051,4102,0.00,0.00,0,0
1598828345,s3,0.00,0.00,0.00,0,0,0.00,0.00,0.00,0,0,0.00,0.00,0,0
1598828345,s2-eth2,151774.00,6210428.00,6362202.00,6210428,151774,2051.00,4102.00,6153.00,4102,2051,0.00,0.00,0,0
1598828345,s2-eth1,6210428.00,151774.00,6362202.00,151774,6210428,4102.00,2051.00,6153.00,2051,4102,0.00,0.00,0,0
1598828345,lo,344.00,344.00,688.00,344,344,6.00,6.00,12.00,6,6,0.00,0.00,0,0
1598828345,s4,0.00,0.00,0.00,0,0,0.00,0.00,0.00,0,0,0.00,0.00,0,0
1598828345,s3-eth2,151774.00,6207400.00,6359174.00,6207400,151774,2051.00,4100.00,6151.00,4100,2051,0.00,0.00,0,0
1598828345,s3-eth1,6210428.00,151774.00,6362202.00,151774,6210428,4102.00,2051.00,6153.00,2051,4102,0.00,0.00,0,0
1598828345,total,19086876.00,19082526.00,38169400.00,19082526,19086876,18464.00,18463.00,36927.00,18463,18464,0.00,0.00,0,0
1598828346,s5,0.00,0.00,0.00,0,0,0.00,0.00,0.00,0,0,0.00,0.00,0,0
1598828346,s1,0.00,0.00,0.00,0,0,0.00,0.00,0.00,0,0,0.00,0.00,0,0
1598828346,eth0,0.00,446.00,446.00,446,0,0.00,3.00,3.00,3,0,0.00,0.00,0,0
1598828346,eth1,0.00,0.00,0.00,0,0,0.00,0.00,0.00,0,0,0.00,0.00,0,0
1598828346,s2,0.00,0.00,0.00,0,0,0.00,0.00,0.00,0,0,0.00,0.00,0,0
1598828346,s1-eth2,151848.00,6222540.00,6374388.00,6222540,151848,2052.00,4110.00,6162.00,4110,2052,0.00,0.00,0,0
1598828346,s1-eth1,6224054.00,152070.00,6376124.00,152070,6224054,4111.00,2055.00,6166.00,2055,4111,0.00,0.00,0,0
1598828346,s3,0.00,0.00,0.00,0,0,0.00,0.00,0.00,0,0,0.00,0.00,0,0
1598828346,s2-eth2,152070.00,6221026.00,6373096.00,6221026,152070,2055.00,4109.00,6164.00,4109,2055,0.00,0.00,0,0
1598828346,s2-eth1,6222540.00,151774.00,6374314.00,151774,6222540,4110.00,2051.00,6161.00,2051,4110,0.00,0.00,0,0
1598828346,lo,0.00,0.00,0.00,0,0,0.00,0.00,0.00,0,0,0.00,0.00,0,0
1598828346,s4,0.00,0.00,0.00,0,0,0.00,0.00,0.00,0,0,0.00,0.00,0,0
1598828346,s3-eth2,152144.00,6221026.00,6373170.00,6221026,152144,2056.00,4109.00,6165.00,4109,2056,0.00,0.00,0,0
1598828346,s3-eth1,6221026.00,152070.00,6373096.00,152070,6221026,4109.00,2055.00,6164.00,2055,4109,0.00,0.00,0,0
1598828346,total,19123682.00,19120952.00,38244632.00,19120952,19123682,18493.00,18492.00,36985.00,18492,18493,0.00,0.00,0,0
1598828347,s5,0.00,0.00,0.00,0,0,0.00,0.00,0.00,0,0,0.00,0.00,0,0
1598828347,s1,0.00,0.00,0.00,0,0,0.00,0.00,0.00,0,0,0.00,0.00,0,0
1598828347,eth0,0.00,118.00,118.00,118,0,0.00,1.00,1.00,1,0,0.00,0.00,0,0
1598828347,eth1,0.00,0.00,0.00,0,0,0.00,0.00,0.00,0,0,0.00,0.00,0,0
1598828347,s2,0.00,0.00,0.00,0,0,0.00,0.00,0.00,0,0,0.00,0.00,0,0
1598828347,s1-eth2,152144.00,6216484.00,6368628.00,6216484,152144,2056.00,4106.00,6162.00,4106,2056,0.00,0.00,0,0
1598828347,s1-eth1,6214970.00,151922.00,6366892.00,151922,6214970,4105.00,2053.00,6158.00,2053,4105,0.00,0.00,0,0
1598828347,s3,0.00,0.00,0.00,0,0,0.00,0.00,0.00,0,0,0.00,0.00,0,0
1598828347,s2-eth2,151922.00,6219512.00,6371434.00,6219512,151922,2053.00,4108.00,6161.00,4108,2053,0.00,0.00,0,0
1598828347,s2-eth1,6216484.00,152218.00,6368702.00,152218,6216484,4106.00,2057.00,6163.00,2057,4106,0.00,0.00,0,0
1598828347,lo,0.00,0.00,0.00,0,0,0.00,0.00,0.00,0,0,0.00,0.00,0,0
1598828347,s4,0.00,0.00,0.00,0,0,0.00,0.00,0.00,0,0,0.00,0.00,0,0
1598828347,s3-eth2,151848.00,6216484.00,6368332.00,6216484,151848,2052.00,4106.00,6158.00,4106,2052,0.00,0.00,0,0
1598828347,s3-eth1,6219512.00,151922.00,6371434.00,151922,6219512,4108.00,2053.00,6161.00,2053,4108,0.00,0.00,0,0
1598828347,total,19106880.00,19108660.00,38215540.00,19108660,19106880,18480.00,18484.00,36964.00,18484,18480,0.00,0.00,0,0
1598828348,s5,0.00,0.00,0.00,0,0,0.00,0.00,0.00,0,0,0.00,0.00,0,0
1598828348,s1,0.00,0.00,0.00,0,0,0.00,0.00,0.00,0,0,0.00,0.00,0,0
1598828348,eth0,0.00,118.00,118.00,118,0,0.00,1.00,1.00,1,0,0.00,0.00,0,0
1598828348,eth1,0.00,0.00,0.00,0,0,0.00,0.00,0.00,0,0,0.00,0.00,0,0
1598828348,s2,0.00,0.00,0.00,0,0,0.00,0.00,0.00,0,0,0.00,0.00,0,0
1598828348,s1-eth2,149480.00,6112018.00,6261498.00,6112018,149480,2020.00,4037.00,6057.00,4037,2020,0.00,0.00,0,0
1598828348,s1-eth1,6115046.00,149406.00,6264452.00,149406,6115046,4039.00,2019.00,6058.00,2019,4039,0.00,0.00,0,0
1598828348,s3,0.00,0.00,0.00,0,0,0.00,0.00,0.00,0,0,0.00,0.00,0,0
1598828348,s2-eth2,149406.00,6108990.00,6258396.00,6108990,149406,2019.00,4035.00,6054.00,4035,2019,0.00,0.00,0,0
1598828348,s2-eth1,6112018.00,149406.00,6261424.00,149406,6112018,4037.00,2019.00,6056.00,2019,4037,0.00,0.00,0,0
1598828348,lo,0.00,0.00,0.00,0,0,0.00,0.00,0.00,0,0,0.00,0.00,0,0
1598828348,s4,0.00,0.00,0.00,0,0,0.00,0.00,0.00,0,0,0.00,0.00,0,0
1598828348,s3-eth2,149110.00,6105962.00,6255072.00,6105962,149110,2015.00,4033.00,6048.00,4033,2015,0.00,0.00,0,0
1598828348,s3-eth1,6108990.00,149406.00,6258396.00,149406,6108990,4035.00,2019.00,6054.00,2019,4035,0.00,0.00,0,0
1598828348,total,18784050.00,18775306.00,37559356.00,18775306,18784050,18165.00,18163.00,36328.00,18163,18165,0.00,0.00,0,0
1598828349,s5,0.00,0.00,0.00,0,0,0.00,0.00,0.00,0,0,0.00,0.00,0,0
1598828349,s1,0.00,0.00,0.00,0,0,0.00,0.00,0.00,0,0,0.00,0.00,0,0
1598828349,eth0,0.00,0.00,0.00,0,0,0.00,0.00,0.00,0,0,0.00,0.00,0,0
1598828349,eth1,0.00,0.00,0.00,0,0,0.00,0.00,0.00,0,0,0.00,0.00,0,0
1598828349,s2,0.00,0.00,0.00,0,0,0.00,0.00,0.00,0,0,0.00,0.00,0,0
1598828349,s1-eth2,151774.00,6211942.00,6363716.00,6211942,151774,2051.00,4103.00,6154.00,4103,2051,0.00,0.00,0,0
1598828349,s1-eth1,6210428.00,151774.00,6362202.00,151774,6210428,4102.00,2051.00,6153.00,2051,4102,0.00,0.00,0,0
1598828349,s3,0.00,0.00,0.00,0,0,0.00,0.00,0.00,0,0,0.00,0.00,0,0
1598828349,s2-eth2,151848.00,6211942.00,6363790.00,6211942,151848,2052.00,4103.00,6155.00,4103,2052,0.00,0.00,0,0
1598828349,s2-eth1,6211942.00,151774.00,6363716.00,151774,6211942,4103.00,2051.00,6154.00,2051,4103,0.00,0.00,0,0
1598828349,lo,516.00,516.00,1032.00,516,516,9.00,9.00,18.00,9,9,0.00,0.00,0,0
1598828349,s4,0.00,0.00,0.00,0,0,0.00,0.00,0.00,0,0,0.00,0.00,0,0
1598828349,s3-eth2,152144.00,6213456.00,6365600.00,6213456,152144,2056.00,4104.00,6160.00,4104,2056,0.00,0.00,0,0
1598828349,s3-eth1,6211942.00,151848.00,6363790.00,151848,6211942,4103.00,2052.00,6155.00,2052,4103,0.00,0.00,0,0
1598828349,total,19090594.00,19093252.00,38183848.00,19093252,19090594,18476.00,18473.00,36949.00,18473,18476,0.00,0.00,0,0
1598828350,s5,0.00,0.00,0.00,0,0,0.00,0.00,0.00,0,0,0.00,0.00,0,0
1598828350,s1,0.00,0.00,0.00,0,0,0.00,0.00,0.00,0,0,0.00,0.00,0,0
1598828350,eth0,400.00,726.00,1126.00,726,400,5.00,6.00,11.00,6,5,0.00,0.00,0,0
1598828350,eth1,0.00,0.00,0.00,0,0,0.00,0.00,0.00,0,0,0.00,0.00,0,0
1598828350,s2,0.00,0.00,0.00,0,0,0.00,0.00,0.00,0,0,0.00,0.00,0,0
1598828350,s1-eth2,146816.00,6015122.00,6161938.00,6015122,146816,1984.00,3973.00,5957.00,3973,1984,0.00,0.00,0,0
1598828350,s1-eth1,6009066.00,146816.00,6155882.00,146816,6009066,3969.00,1984.00,5953.00,1984,3969,0.00,0.00,0,0
1598828350,s3,0.00,0.00,0.00,0,0,0.00,0.00,0.00,0,0,0.00,0.00,0,0
1598828350,s2-eth2,146816.00,6019664.00,6166480.00,6019664,146816,1984.00,3976.00,5960.00,3976,1984,0.00,0.00,0,0
1598828350,s2-eth1,6015122.00,146890.00,6162012.00,146890,6015122,3973.00,1985.00,5958.00,1985,3973,0.00,0.00,0,0
1598828350,lo,1026.00,1026.00,2052.00,1026,1026,14.00,14.00,28.00,14,14,0.00,0.00,0,0
1598828350,s4,0.00,0.00,0.00,0,0,0.00,0.00,0.00,0,0,0.00,0.00,0,0
1598828350,s3-eth2,146816.00,6030262.00,6177078.00,6030262,146816,1984.00,3983.00,5967.00,3983,1984,0.00,0.00,0,0
1598828350,s3-eth1,6019664.00,146816.00,6166480.00,146816,6019664,3976.00,1984.00,5960.00,1984,3976,0.00,0.00,0,0
1598828350,total,18485726.00,18507322.00,36993048.00,18507322,18485726,17889.00,17905.00,35794.00,17905,17889,0.00,0.00,0,0
1598828351,s5,0.00,0.00,0.00,0,0,0.00,0.00,0.00,0,0,0.00,0.00,0,0
1598828351,s1,0.00,107.00,107.00,107,0,0.00,1.00,1.00,1,0,0.00,0.00,0,0
1598828351,eth0,152.00,363.00,515.00,363,152,2.00,3.00,5.00,3,2,0.00,0.00,0,0
1598828351,eth1,0.00,0.00,0.00,0,0,0.00,0.00,0.00,0,0,0.00,0.00,0,0
1598828351,s2,0.00,107.00,107.00,107,0,0.00,1.00,1.00,1,0,0.00,0.00,0,0
1598828351,s1-eth2,149777.00,6113681.00,6263458.00,6113681,149777,2024.00,4040.00,6064.00,4040,2024,0.00,0.00,0,0
1598828351,s1-eth1,6120079.00,149596.00,6269675.00,149596,6120079,4045.00,2022.00,6067.00,2022,4045,0.00,0.00,0,0
1598828351,s3,0.00,107.00,107.00,107,0,0.00,1.00,1.00,1,0,0.00,0.00,0,0
1598828351,s2-eth2,149555.00,6110546.00,6260101.00,6110546,149555,2021.00,4037.00,6058.00,4037,2021,0.00,0.00,0,0
1598828351,s2-eth1,6115195.00,149777.00,6264972.00,149777,6115195,4041.00,2024.00,6065.00,2024,4041,0.00,0.00,0,0
1598828351,lo,2144.00,2144.00,4288.00,2144,2144,22.00,22.00,44.00,22,22,0.00,0.00,0,0
1598828351,s4,0.00,0.00,0.00,0,0,0.00,0.00,0.00,0,0,0.00,0.00,0,0
1598828351,s3-eth2,149777.00,6099948.00,6249725.00,6099948,149777,2024.00,4030.00,6054.00,4030,2024,0.00,0.00,0,0
1598828351,s3-eth1,6110546.00,149555.00,6260101.00,149555,6110546,4037.00,2021.00,6058.00,2021,4037,0.00,0.00,0,0
1598828351,total,18778446.00,18757176.00,37535620.00,18775931,18797225,18197.80,18183.82,36381.62,18202,18216,0.00,0.00,0,0
1598828352,s5,0.00,0.00,0.00,0,0,0.00,0.00,0.00,0,0,0.00,0.00,0,0
1598828352,s1,0.00,107.00,107.00,107,0,0.00,1.00,1.00,1,0,0.00,0.00,0,0
1598828352,eth0,0.00,118.00,118.00,118,0,0.00,1.00,1.00,1,0,0.00,0.00,0,0
1598828352,eth1,0.00,0.00,0.00,0,0,0.00,0.00,0.00,0,0,0.00,0.00,0,0
1598828352,s2,0.00,107.00,107.00,107,0,0.00,1.00,1.00,1,0,0.00,0.00,0,0
1598828352,s1-eth2,151774.00,6213563.00,6365337.00,6213563,151774,2051.00,4105.00,6156.00,4105,2051,0.00,0.00,0,0
1598828352,s1-eth1,6213670.00,151848.00,6365518.00,151848,6213670,4106.00,2052.00,6158.00,2052,4106,0.00,0.00,0,0
1598828352,s3,0.00,107.00,107.00,107,0,0.00,1.00,1.00,1,0,0.00,0.00,0,0
1598828352,s2-eth2,152103.00,6213563.00,6365666.00,6213563,152103,2055.00,4105.00,6160.00,4105,2055,0.00,0.00,0,0
1598828352,s2-eth1,6213563.00,151774.00,6365337.00,151774,6213563,4105.00,2051.00,6156.00,2051,4105,0.00,0.00,0,0
1598828352,lo,915.00,915.00,1830.00,915,915,9.00,9.00,18.00,9,9,0.00,0.00,0,0
1598828352,s4,0.00,0.00,0.00,0,0,0.00,0.00,0.00,0,0,0.00,0.00,0,0
1598828352,s3-eth2,151881.00,6217998.00,6369879.00,6217998,151881,2052.00,4107.00,6159.00,4107,2052,0.00,0.00,0,0
1598828352,s3-eth1,6213563.00,152103.00,6365666.00,152103,6213563,4105.00,2055.00,6160.00,2055,4105,0.00,0.00,0,0
1598828352,total,19097468.00,19102204.00,38199672.00,19102203,19097469,18483.00,18488.00,36971.00,18488,18483,0.00,0.00,0,0
1598828353,s5,0.00,0.00,0.00,0,0,0.00,0.00,0.00,0,0,0.00,0.00,0,0
1598828353,s1,0.00,0.00,0.00,0,0,0.00,0.00,0.00,0,0,0.00,0.00,0,0
1598828353,eth0,0.00,178.00,178.00,178,0,0.00,2.00,2.00,2,0,0.00,0.00,0,0
1598828353,eth1,0.00,0.00,0.00,0,0,0.00,0.00,0.00,0,0,0.00,0.00,0,0
1598828353,s2,0.00,0.00,0.00,0,0,0.00,0.00,0.00,0,0,0.00,0.00,0,0
1598828353,s1-eth2,150442.00,6160466.00,6310908.00,6160466,150442,2033.00,4069.00,6102.00,4069,2033,0.00,0.00,0,0
1598828353,s1-eth1,6155924.00,150516.00,6306440.00,150516,6155924,4066.00,2034.00,6100.00,2034,4066,0.00,0.00,0,0
1598828353,s3,0.00,0.00,0.00,0,0,0.00,0.00,0.00,0,0,0.00,0.00,0,0
1598828353,s2-eth2,150442.00,6158952.00,6309394.00,6158952,150442,2033.00,4068.00,6101.00,4068,2033,0.00,0.00,0,0
1598828353,s2-eth1,6158952.00,150442.00,6309394.00,150442,6158952,4068.00,2033.00,6101.00,2033,4068,0.00,0.00,0,0
1598828353,lo,0.00,0.00,0.00,0,0,0.00,0.00,0.00,0,0,0.00,0.00,0,0
1598828353,s4,0.00,0.00,0.00,0,0,0.00,0.00,0.00,0,0,0.00,0.00,0,0
1598828353,s3-eth2,150549.00,6161980.00,6312529.00,6161980,150549,2034.00,4070.00,6104.00,4070,2034,0.00,0.00,0,0
1598828353,s3-eth1,6158952.00,150442.00,6309394.00,150442,6158952,4068.00,2033.00,6101.00,2033,4068,0.00,0.00,0,0
1598828353,total,18925260.00,18932976.00,37858236.00,18932976,18925261,18302.00,18309.00,36611.00,18309,18302,0.00,0.00,0,0
1598828354,s5,0.00,0.00,0.00,0,0,0.00,0.00,0.00,0,0,0.00,0.00,0,0
1598828354,s1,0.00,0.00,0.00,0,0,0.00,0.00,0.00,0,0,0.00,0.00,0,0
1598828354,eth0,0.00,178.00,178.00,178,0,0.00,2.00,2.00,2,0,0.00,0.00,0,0
1598828354,eth1,0.00,0.00,0.00,0,0,0.00,0.00,0.00,0,0,0.00,0.00,0,0
1598828354,s2,0.00,342.00,342.00,342,0,0.00,1.00,1.00,1,0,0.00,0.00,0,0
1598828354,s1-eth2,152190.00,6211942.00,6364132.00,6211942,152190,2053.00,4103.00,6156.00,4103,2053,0.00,0.00,0,0
1598828354,s1-eth1,6211942.00,151774.00,6363716.00,151774,6211942,4103.00,2051.00,6154.00,2051,4103,0.00,0.00,0,0
1598828354,s3,0.00,342.00,342.00,342,0,0.00,1.00,1.00,1,0,0.00,0.00,0,0
1598828354,s2-eth2,152190.00,6213456.00,6365646.00,6213456,152190,2053.00,4104.00,6157.00,4104,2053,0.00,0.00,0,0
1598828354,s2-eth1,6211942.00,152116.00,6364058.00,152116,6211942,4103.00,2052.00,6155.00,2052,4103,0.00,0.00,0,0
1598828354,lo,652.00,652.00,1304.00,652,652,6.00,6.00,12.00,6,6,0.00,0.00,0,0
1598828354,s4,0.00,0.00,0.00,0,0,0.00,0.00,0.00,0,0,0.00,0.00,0,0
1598828354,s3-eth2,152190.00,6214970.00,6367160.00,6214970,152190,2053.00,4105.00,6158.00,4105,2053,0.00,0.00,0,0
1598828354,s3-eth1,6213456.00,152190.00,6365646.00,152190,6213456,4104.00,2053.00,6157.00,2053,4104,0.00,0.00,0,0
1598828354,total,19094562.00,19097962.00,38192524.00,19097962,19094562,18475.00,18478.00,36953.00,18478,18475,0.00,0.00,0,0
1598828355,s5,0.00,0.00,0.00,0,0,0.00,0.00,0.00,0,0,0.00,0.00,0,0
1598828355,s1,0.00,0.00,0.00,0,0,0.00,0.00,0.00,0,0,0.00,0.00,0,0
1598828355,eth0,86.00,196.00,282.00,196,86,1.00,2.00,3.00,2,1,0.00,0.00,0,0
1598828355,eth1,0.00,0.00,0.00,0,0,0.00,0.00,0.00,0,0,0.00,0.00,0,0
1598828355,s2,0.00,0.00,0.00,0,0,0.00,0.00,0.00,0,0,0.00,0.00,0,0
1598828355,s1-eth2,151404.00,6196802.00,6348206.00,6196802,151404,2046.00,4093.00,6139.00,4093,2046,0.00,0.00,0,0
1598828355,s1-eth1,6196802.00,151404.00,6348206.00,151404,6196802,4093.00,2046.00,6139.00,2046,4093,0.00,0.00,0,0
1598828355,s3,0.00,0.00,0.00,0,0,0.00,0.00,0.00,0,0,0.00,0.00,0,0
1598828355,s2-eth2,151404.00,6195288.00,6346692.00,6195288,151404,2046.00,4092.00,6138.00,4092,2046,0.00,0.00,0,0
1598828355,s2-eth1,6196802.00,151478.00,6348280.00,151478,6196802,4093.00,2047.00,6140.00,2047,4093,0.00,0.00,0,0
1598828355,lo,344.00,344.00,688.00,344,344,6.00,6.00,12.00,6,6,0.00,0.00,0,0
1598828355,s4,0.00,0.00,0.00,0,0,0.00,0.00,0.00,0,0,0.00,0.00,0,0
1598828355,s3-eth2,151034.00,6195288.00,6346322.00,6195288,151034,2041.00,4092.00,6133.00,4092,2041,0.00,0.00,0,0
1598828355,s3-eth1,6195288.00,151404.00,6346692.00,151404,6195288,4092.00,2046.00,6138.00,2046,4092,0.00,0.00,0,0
1598828355,total,19043164.00,19042204.00,38085368.00,19042204,19043164,18418.00,18424.00,36842.00,18424,18418,0.00,0.00,0,0
1598828356,s5,0.00,0.00,0.00,0,0,0.00,0.00,0.00,0,0,0.00,0.00,0,0
1598828356,s1,0.00,0.00,0.00,0,0,0.00,0.00,0.00,0,0,0.00,0.00,0,0
1598828356,eth0,0.00,0.00,0.00,0,0,0.00,0.00,0.00,0,0,0.00,0.00,0,0
1598828356,eth1,0.00,0.00,0.00,0,0,0.00,0.00,0.00,0,0,0.00,0.00,0,0
1598828356,s2,0.00,0.00,0.00,0,0,0.00,0.00,0.00,0,0,0.00,0.00,0,0
1598828356,s1-eth2,145706.00,5954562.00,6100268.00,5954562,145706,1969.00,3933.00,5902.00,3933,1969,0.00,0.00,0,0
1598828356,s1-eth1,5959104.00,145632.00,6104736.00,145632,5959104,3936.00,1968.00,5904.00,1968,3936,0.00,0.00,0,0
1598828356,s3,0.00,0.00,0.00,0,0,0.00,0.00,0.00,0,0,0.00,0.00,0,0
1598828356,s2-eth2,145558.00,5953048.00,6098606.00,5953048,145558,1967.00,3932.00,5899.00,3932,1967,0.00,0.00,0,0
1598828356,s2-eth1,5954562.00,145632.00,6100194.00,145632,5954562,3933.00,1968.00,5901.00,1968,3933,0.00,0.00,0,0
1598828356,lo,172.00,172.00,344.00,172,172,3.00,3.00,6.00,3,3,0.00,0.00,0,0
1598828356,s4,0.00,0.00,0.00,0,0,0.00,0.00,0.00,0,0,0.00,0.00,0,0
1598828356,s3-eth2,146076.00,5943964.00,6090040.00,5943964,146076,1974.00,3926.00,5900.00,3926,1974,0.00,0.00,0,0
1598828356,s3-eth1,5953048.00,145558.00,6098606.00,145558,5953048,3932.00,1967.00,5899.00,1967,3932,0.00,0.00,0,0
1598828356,total,18304226.00,18288568.00,36592792.00,18288568,18304226,17714.00,17697.00,35411.00,17697,17714,0.00,0.00,0,0
1598828357,s5,0.00,0.00,0.00,0,0,0.00,0.00,0.00,0,0,0.00,0.00,0,0
1598828357,s1,0.00,0.00,0.00,0,0,0.00,0.00,0.00,0,0,0.00,0.00,0,0
1598828357,eth0,0.00,118.00,118.00,118,0,0.00,1.00,1.00,1,0,0.00,0.00,0,0
1598828357,eth1,0.00,0.00,0.00,0,0,0.00,0.00,0.00,0,0,0.00,0.00,0,0
1598828357,s2,0.00,0.00,0.00,0,0,0.00,0.00,0.00,0,0,0.00,0.00,0,0
1598828357,s1-eth2,148000.00,6072654.00,6220654.00,6072654,148000,2000.00,4011.00,6011.00,4011,2000,0.00,0.00,0,0
1598828357,s1-eth1,6072654.00,148444.00,6221098.00,148444,6072654,4011.00,2006.00,6017.00,2006,4011,0.00,0.00,0,0
1598828357,s3,0.00,0.00,0.00,0,0,0.00,0.00,0.00,0,0,0.00,0.00,0,0
1598828357,s2-eth2,148518.00,6075682.00,6224200.00,6075682,148518,2007.00,4013.00,6020.00,4013,2007,0.00,0.00,0,0
1598828357,s2-eth1,6072654.00,148000.00,6220654.00,148000,6072654,4011.00,2000.00,6011.00,2000,4011,0.00,0.00,0,0
1598828357,lo,0.00,0.00,0.00,0,0,0.00,0.00,0.00,0,0,0.00,0.00,0,0
1598828357,s4,0.00,0.00,0.00,0,0,0.00,0.00,0.00,0,0,0.00,0.00,0,0
1598828357,s3-eth2,148712.00,6075682.00,6224394.00,6075682,148712,2006.00,4013.00,6019.00,4013,2006,0.00,0.00,0,0
1598828357,s3-eth1,6075682.00,148518.00,6224200.00,148518,6075682,4013.00,2007.00,6020.00,2007,4013,0.00,0.00,0,0
1598828357,total,18666220.00,18669098.00,37335320.00,18669098,18666220,18048.00,18051.00,36099.00,18051,18048,0.00,0.00,0,0
1598828358,s5,0.00,0.00,0.00,0,0,0.00,0.00,0.00,0,0,0.00,0.00,0,0
1598828358,s1,0.00,0.00,0.00,0,0,0.00,0.00,0.00,0,0,0.00,0.00,0,0
1598828358,eth0,0.00,236.00,236.00,236,0,0.00,2.00,2.00,2,0,0.00,0.00,0,0
1598828358,eth1,0.00,0.00,0.00,0,0,0.00,0.00,0.00,0,0,0.00,0.00,0,0
1598828358,s2,0.00,0.00,0.00,0,0,0.00,0.00,0.00,0,0,0.00,0.00,0,0
1598828358,s1-eth2,152144.00,6211942.00,6364086.00,6211942,152144,2056.00,4103.00,6159.00,4103,2056,0.00,0.00,0,0
1598828358,s1-eth1,6211942.00,151848.00,6363790.00,151848,6211942,4103.00,2052.00,6155.00,2052,4103,0.00,0.00,0,0
1598828358,s3,0.00,0.00,0.00,0,0,0.00,0.00,0.00,0,0,0.00,0.00,0,0
1598828358,s2-eth2,151774.00,6210428.00,6362202.00,6210428,151774,2051.00,4102.00,6153.00,4102,2051,0.00,0.00,0,0
1598828358,s2-eth1,6211942.00,152218.00,6364160.00,152218,6211942,4103.00,2057.00,6160.00,2057,4103,0.00,0.00,0,0
1598828358,lo,0.00,0.00,0.00,0,0,0.00,0.00,0.00,0,0,0.00,0.00,0,0
1598828358,s4,0.00,0.00,0.00,0,0,0.00,0.00,0.00,0,0,0.00,0.00,0,0
1598828358,s3-eth2,151774.00,6210428.00,6362202.00,6210428,151774,2051.00,4102.00,6153.00,4102,2051,0.00,0.00,0,0
1598828358,s3-eth1,6210428.00,151774.00,6362202.00,151774,6210428,4102.00,2051.00,6153.00,2051,4102,0.00,0.00,0,0
1598828358,total,19090004.00,19088874.00,38178880.00,19088874,19090004,18466.00,18469.00,36935.00,18469,18466,0.00,0.00,0,0
1598828359,s5,0.00,0.00,0.00,0,0,0.00,0.00,0.00,0,0,0.00,0.00,0,0
1598828359,s1,0.00,0.00,0.00,0,0,0.00,0.00,0.00,0,0,0.00,0.00,0,0
1598828359,eth0,0.00,118.00,118.00,118,0,0.00,1.00,1.00,1,0,0.00,0.00,0,0
1598828359,eth1,0.00,0.00,0.00,0,0,0.00,0.00,0.00,0,0,0.00,0.00,0,0
1598828359,s2,0.00,0.00,0.00,0,0,0.00,0.00,0.00,0,0,0.00,0.00,0,0
1598828359,s1-eth2,151774.00,6210428.00,6362202.00,6210428,151774,2051.00,4102.00,6153.00,4102,2051,0.00,0.00,0,0
1598828359,s1-eth1,6210428.00,151700.00,6362128.00,151700,6210428,4102.00,2050.00,6152.00,2050,4102,0.00,0.00,0,0
1598828359,s3,0.00,0.00,0.00,0,0,0.00,0.00,0.00,0,0,0.00,0.00,0,0
1598828359,s2-eth2,151774.00,6208914.00,6360688.00,6208914,151774,2051.00,4101.00,6152.00,4101,2051,0.00,0.00,0,0
1598828359,s2-eth1,6208914.00,151774.00,6360688.00,151774,6208914,4101.00,2051.00,6152.00,2051,4101,0.00,0.00,0,0
1598828359,lo,344.00,344.00,688.00,344,344,6.00,6.00,12.00,6,6,0.00,0.00,0,0
1598828359,s4,0.00,0.00,0.00,0,0,0.00,0.00,0.00,0,0,0.00,0.00,0,0
1598828359,s3-eth2,151774.00,6211942.00,6363716.00,6211942,151774,2051.00,4103.00,6154.00,4103,2051,0.00,0.00,0,0
1598828359,s3-eth1,6208914.00,151774.00,6360688.00,151774,6208914,4101.00,2051.00,6152.00,2051,4101,0.00,0.00,0,0
1598828359,total,19083922.00,19086994.00,38170916.00,19086994,19083922,18463.00,18465.00,36928.00,18465,18463,0.00,0.00,0,0
1598828360,s5,0.00,0.00,0.00,0,0,0.00,0.00,0.00,0,0,0.00,0.00,0,0
1598828360,s1,0.00,0.00,0.00,0,0,0.00,0.00,0.00,0,0,0.00,0.00,0,0
1598828360,eth0,78.00,86.00,164.00,86,78,1.00,1.00,2.00,1,1,0.00,0.00,0,0
1598828360,eth1,0.00,0.00,0.00,0,0,0.00,0.00,0.00,0,0,0.00,0.00,0,0
1598828360,s2,0.00,0.00,0.00,0,0,0.00,0.00,0.00,0,0,0.00,0.00,0,0
1598828360,s1-eth2,149998.00,6140784.00,6290782.00,6140784,149998,2027.00,4056.00,6083.00,4056,2027,0.00,0.00,0,0
1598828360,s1-eth1,6137756.00,149998.00,6287754.00,149998,6137756,4054.00,2027.00,6081.00,2027,4054,0.00,0.00,0,0
1598828360,s3,0.00,0.00,0.00,0,0,0.00,0.00,0.00,0,0,0.00,0.00,0,0
1598828360,s2-eth2,149998.00,6143812.00,6293810.00,6143812,149998,2027.00,4058.00,6085.00,4058,2027,0.00,0.00,0,0
1598828360,s2-eth1,6142298.00,149998.00,6292296.00,149998,6142298,4057.00,2027.00,6084.00,2027,4057,0.00,0.00,0,0
1598828360,lo,344.00,344.00,688.00,344,344,6.00,6.00,12.00,6,6,0.00,0.00,0,0
1598828360,s4,0.00,0.00,0.00,0,0,0.00,0.00,0.00,0,0,0.00,0.00,0,0
1598828360,s3-eth2,149998.00,6143812.00,6293810.00,6143812,149998,2027.00,4058.00,6085.00,4058,2027,0.00,0.00,0,0
1598828360,s3-eth1,6143812.00,149998.00,6293810.00,149998,6143812,4058.00,2027.00,6085.00,2027,4058,0.00,0.00,0,0
1598828360,total,18874282.00,18878832.00,37753112.00,18878832,18874282,18257.00,18260.00,36517.00,18260,18257,0.00,0.00,0,0
1598828361,s5,0.00,0.00,0.00,0,0,0.00,0.00,0.00,0,0,0.00,0.00,0,0
1598828361,s1,0.00,0.00,0.00,0,0,0.00,0.00,0.00,0,0,0.00,0.00,0,0
1598828361,eth0,0.00,236.00,236.00,236,0,0.00,2.00,2.00,2,0,0.00,0.00,0,0
1598828361,eth1,0.00,0.00,0.00,0,0,0.00,0.00,0.00,0,0,0.00,0.00,0,0
1598828361,s2,0.00,0.00,0.00,0,0,0.00,0.00,0.00,0,0,0.00,0.00,0,0
1598828361,s1-eth2,151922.00,6214970.00,6366892.00,6214970,151922,2053.00,4105.00,6158.00,4105,2053,0.00,0.00,0,0
1598828361,s1-eth1,6211942.00,151848.00,6363790.00,151848,6211942,4103.00,2052.00,6155.00,2052,4103,0.00,0.00,0,0
1598828361,s3,0.00,0.00,0.00,0,0,0.00,0.00,0.00,0,0,0.00,0.00,0,0
1598828361,s2-eth2,151848.00,6214970.00,6366818.00,6214970,151848,2052.00,4105.00,6157.00,4105,2052,0.00,0.00,0,0
1598828361,s2-eth1,6214970.00,151848.00,6366818.00,151848,6214970,4105.00,2052.00,6157.00,2052,4105,0.00,0.00,0,0
1598828361,lo,172.00,172.00,344.00,172,172,3.00,3.00,6.00,3,3,0.00,0.00,0,0
1598828361,s4,0.00,0.00,0.00,0,0,0.00,0.00,0.00,0,0,0.00,0.00,0,0
1598828361,s3-eth2,151922.00,6211942.00,6363864.00,6211942,151922,2053.00,4103.00,6156.00,4103,2053,0.00,0.00,0,0
1598828361,s3-eth1,6214970.00,151848.00,6366818.00,151848,6214970,4105.00,2052.00,6157.00,2052,4105,0.00,0.00,0,0
1598828361,total,19097746.00,19097834.00,38195580.00,19097834,19097746,18474.00,18474.00,36948.00,18474,18474,0.00,0.00,0,0
1598828362,s5,0.00,0.00,0.00,0,0,0.00,0.00,0.00,0,0,0.00,0.00,0,0
1598828362,s1,0.00,342.00,342.00,342,0,0.00,1.00,1.00,1,0,0.00,0.00,0,0
1598828362,eth0,0.00,118.00,118.00,118,0,0.00,1.00,1.00,1,0,0.00,0.00,0,0
1598828362,eth1,0.00,0.00,0.00,0,0,0.00,0.00,0.00,0,0,0.00,0.00,0,0
1598828362,s2,0.00,0.00,0.00,0,0,0.00,0.00,0.00,0,0,0.00,0.00,0,0
1598828362,s1-eth2,150220.00,6150210.00,6300430.00,6150210,150220,2030.00,4063.00,6093.00,4063,2030,0.00,0.00,0,0
1598828362,s1-eth1,6151724.00,150294.00,6302018.00,150294,6151724,4064.00,2031.00,6095.00,2031,4064,0.00,0.00,0,0
1598828362,s3,0.00,0.00,0.00,0,0,0.00,0.00,0.00,0,0,0.00,0.00,0,0
1598828362,s2-eth2,150294.00,6152896.00,6303190.00,6152896,150294,2031.00,4064.00,6095.00,4064,2031,0.00,0.00,0,0
1598828362,s2-eth1,6150210.00,150294.00,6300504.00,150294,6150210,4063.00,2031.00,6094.00,2031,4063,0.00,0.00,0,0
1598828362,lo,326.00,326.00,652.00,326,326,3.00,3.00,6.00,3,3,0.00,0.00,0,0
1598828362,s4,0.00,0.00,0.00,0,0,0.00,0.00,0.00,0,0,0.00,0.00,0,0
1598828362,s3-eth2,150220.00,6157438.00,6307658.00,6157438,150220,2030.00,4067.00,6097.00,4067,2030,0.00,0.00,0,0
1598828362,s3-eth1,6152896.00,150294.00,6303190.00,150294,6152896,4064.00,2031.00,6095.00,2031,4064,0.00,0.00,0,0
1598828362,total,18905890.00,18912212.00,37818104.00,18912212,18905890,18285.00,18292.00,36577.00,18292,18285,0.00,0.00,0,0
1598828363,s5,0.00,0.00,0.00,0,0,0.00,0.00,0.00,0,0,0.00,0.00,0,0
1598828363,s1,0.00,0.00,0.00,0,0,0.00,0.00,0.00,0,0,0.00,0.00,0,0
1598828363,eth0,0.00,118.00,118.00,118,0,0.00,1.00,1.00,1,0,0.00,0.00,0,0
1598828363,eth1,0.00,0.00,0.00,0,0,0.00,0.00,0.00,0,0,0.00,0.00,0,0
1598828363,s2,0.00,0.00,0.00,0,0,0.00,0.00,0.00,0,0,0.00,0.00,0,0
1598828363,s1-eth2,151848.00,6210428.00,6362276.00,6210428,151848,2052.00,4102.00,6154.00,4102,2052,0.00,0.00,0,0
1598828363,s1-eth1,6212284.00,151848.00,6364132.00,151848,6212284,4104.00,2052.00,6156.00,2052,4104,0.00,0.00,0,0
1598828363,s3,0.00,0.00,0.00,0,0,0.00,0.00,0.00,0,0,0.00,0.00,0,0
1598828363,s2-eth2,151848.00,6208914.00,6360762.00,6208914,151848,2052.00,4101.00,6153.00,4101,2052,0.00,0.00,0,0
1598828363,s2-eth1,6210428.00,151774.00,6362202.00,151774,6210428,4102.00,2051.00,6153.00,2051,4102,0.00,0.00,0,0
1598828363,lo,0.00,0.00,0.00,0,0,0.00,0.00,0.00,0,0,0.00,0.00,0,0
1598828363,s4,0.00,0.00,0.00,0,0,0.00,0.00,0.00,0,0,0.00,0.00,0,0
1598828363,s3-eth2,151848.00,6208914.00,6360762.00,6208914,151848,2052.00,4101.00,6153.00,4101,2052,0.00,0.00,0,0
1598828363,s3-eth1,6208914.00,151848.00,6360762.00,151848,6208914,4101.00,2052.00,6153.00,2052,4101,0.00,0.00,0,0
1598828363,total,19087170.00,19083844.00,38171016.00,19083844,19087170,18463.00,18460.00,36923.00,18460,18463,0.00,0.00,0,0
1598828364,s5,0.00,0.00,0.00,0,0,0.00,0.00,0.00,0,0,0.00,0.00,0,0
1598828364,s1,0.00,0.00,0.00,0,0,0.00,0.00,0.00,0,0,0.00,0.00,0,0
1598828364,eth0,0.00,60.00,60.00,60,0,0.00,1.00,1.00,1,0,0.00,0.00,0,0
1598828364,eth1,0.00,0.00,0.00,0,0,0.00,0.00,0.00,0,0,0.00,0.00,0,0
1598828364,s2,0.00,0.00,0.00,0,0,0.00,0.00,0.00,0,0,0.00,0.00,0,0
1598828364,s1-eth2,150516.00,6160466.00,6310982.00,6160466,150516,2034.00,4069.00,6103.00,4069,2034,0.00,0.00,0,0
1598828364,s1-eth1,6158952.00,150516.00,6309468.00,150516,6158952,4068.00,2034.00,6102.00,2034,4068,0.00,0.00,0,0
1598828364,s3,0.00,342.00,342.00,342,0,0.00,1.00,1.00,1,0,0.00,0.00,0,0
1598828364,s2-eth2,150858.00,6157438.00,6308296.00,6157438,150858,2035.00,4067.00,6102.00,4067,2035,0.00,0.00,0,0
1598828364,s2-eth1,6160466.00,150516.00,6310982.00,150516,6160466,4069.00,2034.00,6103.00,2034,4069,0.00,0.00,0,0
1598828364,lo,498.00,498.00,996.00,498,498,6.00,6.00,12.00,6,6,0.00,0.00,0,0
1598828364,s4,0.00,0.00,0.00,0,0,0.00,0.00,0.00,0,0,0.00,0.00,0,0
1598828364,s3-eth2,150858.00,6163494.00,6314352.00,6163494,150858,2035.00,4071.00,6106.00,4071,2035,0.00,0.00,0,0
1598828364,s3-eth1,6157438.00,150858.00,6308296.00,150858,6157438,4067.00,2035.00,6102.00,2035,4067,0.00,0.00,0,0
1598828364,total,18929586.00,18934188.00,37863776.00,18934188,18929586,18314.00,18318.00,36632.00,18318,18314,0.00,0.00,0,0
1598828365,s5,0.00,0.00,0.00,0,0,0.00,0.00,0.00,0,0,0.00,0.00,0,0
1598828365,s1,0.00,0.00,0.00,0,0,0.00,0.00,0.00,0,0,0.00,0.00,0,0
1598828365,eth0,86.00,196.00,282.00,196,86,1.00,2.00,3.00,2,1,0.00,0.00,0,0
1598828365,eth1,0.00,0.00,0.00,0,0,0.00,0.00,0.00,0,0,0.00,0.00,0,0
1598828365,s2,0.00,0.00,0.00,0,0,0.00,0.00,0.00,0,0,0.00,0.00,0,0
1598828365,s1-eth2,144078.00,5892488.00,6036566.00,5892488,144078,1947.00,3892.00,5839.00,3892,1947,0.00,0.00,0,0
1598828365,s1-eth1,5897030.00,144078.00,6041108.00,144078,5897030,3895.00,1947.00,5842.00,1947,3895,0.00,0.00,0,0
1598828365,s3,0.00,0.00,0.00,0,0,0.00,0.00,0.00,0,0,0.00,0.00,0,0
1598828365,s2-eth2,144078.00,5892488.00,6036566.00,5892488,144078,1947.00,3892.00,5839.00,3892,1947,0.00,0.00,0,0
1598828365,s2-eth1,5892488.00,144152.00,6036640.00,144152,5892488,3892.00,1948.00,5840.00,1948,3892,0.00,0.00,0,0
1598828365,lo,344.00,344.00,688.00,344,344,6.00,6.00,12.00,6,6,0.00,0.00,0,0
1598828365,s4,0.00,0.00,0.00,0,0,0.00,0.00,0.00,0,0,0.00,0.00,0,0
1598828365,s3-eth2,144078.00,5883404.00,6027482.00,5883404,144078,1947.00,3886.00,5833.00,3886,1947,0.00,0.00,0,0
1598828365,s3-eth1,5892488.00,144078.00,6036566.00,144078,5892488,3892.00,1947.00,5839.00,1947,3892,0.00,0.00,0,0
1598828365,total,18114670.00,18101228.00,36215896.00,18101228,18114670,17527.00,17520.00,35047.00,17520,17527,0.00,0.00,0,0
1598828366,s5,0.00,0.00,0.00,0,0,0.00,0.00,0.00,0,0,0.00,0.00,0,0
1598828366,s1,0.00,0.00,0.00,0,0,0.00,0.00,0.00,0,0,0.00,0.00,0,0
1598828366,eth0,0.00,236.00,236.00,236,0,0.00,2.00,2.00,2,0,0.00,0.00,0,0
1598828366,eth1,0.00,0.00,0.00,0,0,0.00,0.00,0.00,0,0,0.00,0.00,0,0
1598828366,s2,0.00,0.00,0.00,0,0,0.00,0.00,0.00,0,0,0.00,0.00,0,0
1598828366,s1-eth2,151404.00,6190746.00,6342150.00,6190746,151404,2046.00,4089.00,6135.00,4089,2046,0.00,0.00,0,0
1598828366,s1-eth1,6190746.00,151330.00,6342076.00,151330,6190746,4089.00,2045.00,6134.00,2045,4089,0.00,0.00,0,0
1598828366,s3,0.00,0.00,0.00,0,0,0.00,0.00,0.00,0,0,0.00,0.00,0,0
1598828366,s2-eth2,151404.00,6193774.00,6345178.00,6193774,151404,2046.00,4091.00,6137.00,4091,2046,0.00,0.00,0,0
1598828366,s2-eth1,6190746.00,151330.00,6342076.00,151330,6190746,4089.00,2045.00,6134.00,2045,4089,0.00,0.00,0,0
1598828366,lo,172.00,172.00,344.00,172,172,3.00,3.00,6.00,3,3,0.00,0.00,0,0
1598828366,s4,0.00,0.00,0.00,0,0,0.00,0.00,0.00,0,0,0.00,0.00,0,0
1598828366,s3-eth2,151404.00,6192260.00,6343664.00,6192260,151404,2046.00,4090.00,6136.00,4090,2046,0.00,0.00,0,0
1598828366,s3-eth1,6193774.00,151404.00,6345178.00,151404,6193774,4091.00,2046.00,6137.00,2046,4091,0.00,0.00,0,0
1598828366,total,19029650.00,19031252.00,38060904.00,19031252,19029650,18410.00,18411.00,36821.00,18411,18410,0.00,0.00,0,0
1598828367,s5,0.00,0.00,0.00,0,0,0.00,0.00,0.00,0,0,0.00,0.00,0,0
1598828367,s1,0.00,562.00,562.00,562,0,0.00,3.00,3.00,3,0,0.00,0.00,0,0
1598828367,eth0,912.00,1470.00,2382.00,1470,912,12.00,12.00,24.00,12,12,0.00,0.00,0,0
1598828367,eth1,0.00,0.00,0.00,0,0,0.00,0.00,0.00,0,0,0.00,0.00,0,0
1598828367,s2,0.00,452.00,452.00,452,0,0.00,2.00,2.00,2,0,0.00,0.00,0,0
1598828367,s1-eth2,145570.00,5949068.00,6094638.00,5949068,145570,1963.00,3932.00,5895.00,3932,1963,0.00,0.00,0,0
1598828367,s1-eth1,5940436.00,145114.00,6085550.00,145114,5940436,3928.00,1961.00,5889.00,1961,3928,0.00,0.00,0,0
1598828367,s3,0.00,452.00,452.00,452,0,0.00,2.00,2.00,2,0,0.00,0.00,0,0
1598828367,s2-eth2,145492.00,5945478.00,6090970.00,5945478,145492,1962.00,3927.00,5889.00,3927,1962,0.00,0.00,0,0
1598828367,s2-eth1,5937194.00,145279.44,6082473.00,145570,5949068,3924.15,1959.08,5883.23,1963,3932,0.00,0.00,0,0
1598828367,lo,4390.83,4390.83,8781.66,4404,4404,45.86,45.86,91.72,46,46,0.00,0.00,0,0
1598828367,s4,0.00,0.00,0.00,0,0,0.00,0.00,0.00,0,0,0.00,0.00,0,0
1598828367,s3-eth2,145056.83,5927695.00,6072752.00,5945478,145492,1956.13,3915.25,5871.39,3927,1962,0.00,0.00,0,0
1598828367,s3-eth1,5927695.00,145056.83,6072752.00,145492,5945478,3915.25,1956.13,5871.39,1962,3927,0.00,0.00,0,0
1598828367,total,18222186.00,18228854.00,36451040.00,18283540,18276852,17678.96,17683.95,35362.91,17737,17732,0.00,0.00,0,0
1598828368,s5,0.00,0.00,0.00,0,0,0.00,0.00,0.00,0,0,0.00,0.00,0,0
1598828368,s1,0.00,638.09,638.09,640,0,0.00,3.99,3.99,4,0,0.00,0.00,0,0
1598828368,eth0,909.27,1583.25,2492.52,1588,912,11.96,12.96,24.93,13,12,0.00,0.00,0,0
1598828368,eth1,0.00,0.00,0.00,0,0,0.00,0.00,0.00,0,0,0.00,0.00,0,0
1598828368,s2,0.00,907.28,907.28,910,0,0.00,6.98,6.98,7,0,0.00,0.00,0,0
1598828368,s1-eth2,146572.28,5985693.00,6132265.00,6003650,147012,1980.06,3957.13,5937.19,3969,1986,0.00,0.00,0,0
1598828368,s1-eth1,5987390.00,146303.09,6133693.00,146742,6005352,3960.12,1977.07,5937.19,1983,3972,0.00,0.00,0,0
1598828368,s3,0.00,715.85,715.85,718,0,0.00,4.99,4.99,5,0,0.00,0.00,0,0
1598828368,s2-eth2,147018.94,5990143.50,6137162.50,6008114,147460,1982.05,3959.12,5941.18,3971,1988,0.00,0.00,0,0
1598828368,s2-eth1,6003650.00,147012.00,6150662.00,147012,6003650,3969.00,1986.00,5955.00,1986,3969,0.00,0.00,0,0
1598828368,lo,6692.00,6692.00,13384.00,6692,6692,71.00,71.00,142.00,71,71,0.00,0.00,0,0
1598828368,s4,0.00,0.00,0.00,0,0,0.00,0.00,0.00,0,0,0.00,0.00,0,0
1598828368,s3-eth2,147912.00,6007552.00,6155464.00,6007552,147912,1990.00,3968.00,5958.00,3968,1990,0.00,0.00,0,0
1598828368,s3-eth1,6008114.00,147460.00,6155574.00,147460,6008114,3971.00,1988.00,5959.00,1988,3971,0.00,0.00,0,0
1598828368,total,18467104.00,18471078.00,36938184.00,18471078,18467104,17959.00,17965.00,35924.00,17965,17959,0.00,0.00,0,0
1598828369,s5,0.00,0.00,0.00,0,0,0.00,0.00,0.00,0,0,0.00,0.00,0,0
1598828369,s1,0.00,1422.00,1422.00,1422,0,0.00,9.00,9.00,9,0,0.00,0.00,0,0
1598828369,eth0,456.00,735.00,1191.00,735,456,6.00,6.00,12.00,6,6,0.00,0.00,0,0
1598828369,eth1,0.00,0.00,0.00,0,0,0.00,0.00,0.00,0,0,0.00,0.00,0,0
1598828369,s2,0.00,2122.00,2122.00,2122,0,0.00,11.00,11.00,11,0,0.00,0.00,0,0
1598828369,s1-eth2,151150.86,6101283.00,6252433.50,6107384,151302,2024.98,4037.96,6062.94,4042,2027,0.00,0.00,0,0
1598828369,s1-eth1,6104118.00,149108.89,6253227.00,149258,6110222,4046.95,2014.99,6061.94,2017,4051,0.00,0.00,0,0
1598828369,s3,0.00,2988.01,2988.01,2991,0,0.00,17.98,17.98,18,0,0.00,0.00,0,0
1598828369,s2-eth2,152382.62,6104477.50,6256860.50,6110582,152535,2034.97,4032.97,6067.93,4037,2037,0.00,0.00,0,0
1598828369,s2-eth1,6104308.00,151224.78,6255532.50,151376,6110412,4039.96,2025.97,6065.93,2028,4044,0.00,0.00,0,0
1598828369,lo,12720.28,12720.28,25440.56,12733,12733,124.88,124.88,249.75,125,125,0.00,0.00,0,0
1598828369,s4,0.00,0.00,0.00,0,0,0.00,0.00,0.00,0,0,0.00,0.00,0,0
1598828369,s3-eth2,152145.86,6113474.50,6265620.50,6119588,152298,2034.97,4037.96,6072.93,4042,2037,0.00,0.00,0,0
1598828369,s3-eth1,6104477.50,152382.62,6256860.50,152535,6110582,4032.97,2034.97,6067.93,2037,4037,0.00,0.00,0,0
1598828369,total,18781758.00,18791934.00,37573692.00,18810726,18800540,18345.65,18353.65,36699.30,18372,18364,0.00,0.00,0,0
1598828370,s5,0.00,0.00,0.00,0,0,0.00,0.00,0.00,0,0,0.00,0.00,0,0
1598828370,s1,0.00,2912.09,2912.09,2915,0,0.00,14.99,14.99,15,0,0.00,0.00,0,0
1598828370,eth0,303.70,725.27,1028.97,726,304,4.00,5.99,9.99,6,4,0.00,0.00,0,0
1598828370,eth1,0.00,0.00,0.00,0,0,0.00,0.00,0.00,0,0,0.00,0.00,0,0
1598828370,s2,0.00,2150.85,2150.85,2153,0,0.00,11.99,11.99,12,0,0.00,0.00,0,0
1598828370,s1-eth2,149410.00,6111905.00,6261315.00,6111905,149410,2016.00,4050.00,6066.00,4050,2016,0.00,0.00,0,0
1598828370,s1-eth1,6103977.00,149110.00,6253087.00,149110,6103977,4049.00,2015.00,6064.00,2015,4049,0.00,0.00,0,0
1598828370,s3,0.00,1910.00,1910.00,1910,0,0.00,9.00,9.00,9,0,0.00,0.00,0,0
1598828370,s2-eth2,150660.00,6106227.00,6256887.00,6106227,150660,2021.00,4042.00,6063.00,4042,2021,0.00,0.00,0,0
1598828370,s2-eth1,6110391.00,149410.00,6259801.00,149410,6110391,4049.00,2016.00,6065.00,2016,4049,0.00,0.00,0,0
1598828370,lo,11860.00,11860.00,23720.00,11860,11860,119.00,119.00,238.00,119,119,0.00,0.00,0,0
1598828370,s4,0.00,0.00,0.00,0,0,0.00,0.00,0.00,0,0,0.00,0.00,0,0
1598828370,s3-eth2,151974.00,6112018.00,6263992.00,6112018,151974,2029.00,4037.00,6066.00,4037,2029,0.00,0.00,0,0
1598828370,s3-eth1,6106227.00,150660.00,6256887.00,150660,6106227,4042.00,2021.00,6063.00,2021,4042,0.00,0.00,0,0
1598828370,total,18784804.00,18798894.00,37583696.00,18798894,18784803,18329.00,18342.00,36671.00,18342,18329,0.00,0.00,0,0
1598828371,s5,0.00,0.00,0.00,0,0,0.00,0.00,0.00,0,0,0.00,0.00,0,0
1598828371,s1,0.00,1370.00,1370.00,1370,0,0.00,5.00,5.00,5,0,0.00,0.00,0,0
1598828371,eth0,248.00,245.00,493.00,245,248,3.00,2.00,5.00,2,3,0.00,0.00,0,0
1598828371,eth1,0.00,0.00,0.00,0,0,0.00,0.00,0.00,0,0,0.00,0.00,0,0
1598828371,s2,0.00,1370.00,1370.00,1370,0,0.00,5.00,5.00,5,0,0.00,0.00,0,0
1598828371,s1-eth2,149631.00,6090678.00,6240309.00,6090678,149631,2015.00,4027.00,6042.00,4027,2015,0.00,0.00,0,0
1598828371,s1-eth1,6092861.00,148814.00,6241675.00,148814,6092861,4030.00,2011.00,6041.00,2011,4030,0.00,0.00,0,0
1598828371,s3,0.00,1263.00,1263.00,1263,0,0.00,4.00,4.00,4,0,0.00,0.00,0,0
1598828371,s2-eth2,150225.00,6085467.00,6235692.00,6085467,150225,2017.00,4022.00,6039.00,4022,2017,0.00,0.00,0,0
1598828371,s2-eth1,6089164.00,149631.00,6238795.00,149631,6089164,4026.00,2015.00,6041.00,2015,4026,0.00,0.00,0,0
1598828371,lo,4863.00,4863.00,9726.00,4863,4863,46.00,46.00,92.00,46,46,0.00,0.00,0,0
1598828371,s4,0.00,0.00,0.00,0,0,0.00,0.00,0.00,0,0,0.00,0.00,0,0
1598828371,s3-eth2,151965.00,6090822.00,6242787.00,6090822,151965,2025.00,4023.00,6048.00,4023,2025,0.00,0.00,0,0
1598828371,s3-eth1,6085467.00,150225.00,6235692.00,150225,6085467,4022.00,2017.00,6039.00,2017,4022,0.00,0.00,0,0
1598828371,total,18724424.00,18724748.00,37449172.00,18724748,18724424,18184.00,18177.00,36361.00,18177,18184,0.00,0.00,0,0
1598828372,s5,0.00,0.00,0.00,0,0,0.00,0.00,0.00,0,0,0.00,0.00,0,0
1598828372,s1,0.00,774.45,774.45,776,0,0.00,2.99,2.99,3,0,0.00,0.00,0,0
1598828372,eth0,59.88,59.88,119.76,60,60,1.00,1.00,2.00,1,1,0.00,0.00,0,0
1598828372,eth1,0.00,0.00,0.00,0,0,0.00,0.00,0.00,0,0,0.00,0.00,0,0
1598828372,s2,0.00,1110.78,1110.78,1113,0,0.00,4.99,4.99,5,0,0.00,0.00,0,0
1598828372,s1-eth2,149477.05,6100593.00,6250070.00,6112794,149776,2016.97,4031.94,6048.90,4040,2021,0.00,0.00,0,0
1598828372,s1-eth1,6109765.50,149403.20,6259169.00,149702,6121985,4038.92,2018.96,6057.88,2023,4047,0.00,0.00,0,0
1598828372,s3,0.00,821.36,821.36,823,0,0.00,3.99,3.99,4,0,0.00,0.00,0,0
1598828372,s2-eth2,150076.84,6109552.00,6259629.00,6121771,150377,2020.96,4036.93,6057.88,4045,2025,0.00,0.00,0,0
1598828372,s2-eth1,6108148.00,149698.61,6257846.50,149998,6120364,4036.93,2019.96,6056.89,2024,4045,0.00,0.00,0,0
1598828372,lo,3762.48,3762.48,7524.95,3770,3770,35.93,35.93,71.86,36,36,0.00,0.00,0,0
1598828372,s4,0.00,0.00,0.00,0,0,0.00,0.00,0.00,0,0,0.00,0.00,0,0
1598828372,s3-eth2,150669.67,6107373.50,6258043.00,6119588,150971,2022.95,4033.93,6056.89,4042,2027,0.00,0.00,0,0
1598828372,s3-eth1,6109552.00,150076.84,6259629.00,150377,6121771,4036.93,2020.96,6057.88,2025,4045,0.00,0.00,0,0
1598828372,total,18781512.00,18773226.00,37554740.00,18810772,18819074,18210.58,18211.58,36422.16,18248,18247,0.00,0.00,0,0
1598828373,s5,0.00,0.00,0.00,0,0,0.00,0.00,0.00,0,0,0.00,0.00,0,0
1598828373,s1,0.00,1036.96,1036.96,1038,0,0.00,5.00,5.00,5,0,0.00,0.00,0,0
1598828373,eth0,0.00,445.55,445.55,446,0,0.00,3.00,3.00,3,0,0.00,0.00,0,0
1598828373,eth1,0.00,0.00,0.00,0,0,0.00,0.00,0.00,0,0,0.00,0.00,0,0
1598828373,s2,0.00,701.00,701.00,701,0,0.00,3.00,3.00,3,0,0.00,0.00,0,0
1598828373,s1-eth2,152471.00,6220550.00,6373021.00,6220550,152471,2057.00,4113.00,6170.00,4113,2057,0.00,0.00,0,0
1598828373,s1-eth1,6218186.00,151848.00,6370034.00,151848,6218186,4114.00,2052.00,6166.00,2052,4114,0.00,0.00,0,0
1598828373,s3,0.00,734.00,734.00,734,0,0.00,4.00,4.00,4,0,0.00,0.00,0,0
1598828373,s2-eth2,152582.00,6215344.00,6367926.00,6215344,152582,2056.00,4107.00,6163.00,4107,2056,0.00,0.00,0,0
1598828373,s2-eth1,6212980.00,152175.00,6365155.00,152175,6212980,4108.00,2053.00,6161.00,2053,4108,0.00,0.00,0,0
1598828373,lo,3696.00,3696.00,7392.00,3696,3696,36.00,36.00,72.00,36,36,0.00,0.00,0,0
1598828373,s4,0.00,0.00,0.00,0,0,0.00,0.00,0.00,0,0,0.00,0.00,0,0
1598828373,s3-eth2,152541.00,6213456.00,6365997.00,6213456,152541,2055.00,4104.00,6159.00,4104,2055,0.00,0.00,0,0
1598828373,s3-eth1,6215344.00,152582.00,6367926.00,152582,6215344,4107.00,2056.00,6163.00,2056,4107,0.00,0.00,0,0
1598828373,total,19107800.00,19112570.00,38220368.00,19112570,19107800,18533.00,18536.00,37069.00,18536,18533,0.00,0.00,0,0
1598828374,s5,0.00,0.00,0.00,0,0,0.00,0.00,0.00,0,0,0.00,0.00,0,0
1598828374,s1,0.00,739.00,739.00,739,0,0.00,3.00,3.00,3,0,0.00,0.00,0,0
1598828374,eth0,0.00,178.00,178.00,178,0,0.00,2.00,2.00,2,0,0.00,0.00,0,0
1598828374,eth1,0.00,0.00,0.00,0,0,0.00,0.00,0.00,0,0,0.00,0.00,0,0
1598828374,s2,0.00,397.00,397.00,397,0,0.00,2.00,2.00,2,0,0.00,0.00,0,0
1598828374,s1-eth2,149998.00,6144551.00,6294549.00,6144551,149998,2027.00,4061.00,6088.00,4061,2027,0.00,0.00,0,0
1598828374,s1-eth1,6143037.00,150072.00,6293109.00,150072,6143037,4060.00,2028.00,6088.00,2028,4060,0.00,0.00,0,0
1598828374,s3,0.00,327.00,327.00,327,0,0.00,1.00,1.00,1,0,0.00,0.00,0,0
1598828374,s2-eth2,150473.00,6145723.00,6296196.00,6145723,150473,2030.00,4061.00,6091.00,4061,2030,0.00,0.00,0,0
1598828374,s2-eth1,6144551.00,150146.00,6294697.00,150146,6144551,4061.00,2029.00,6090.00,2029,4061,0.00,0.00,0,0
1598828374,lo,1840.00,1840.00,3680.00,1840,1840,18.00,18.00,36.00,18,18,0.00,0.00,0,0
1598828374,s4,0.00,0.00,0.00,0,0,0.00,0.00,0.00,0,0,0.00,0.00,0,0
1598828374,s3-eth2,151211.00,6148354.00,6299565.00,6148354,151211,2034.00,4061.00,6095.00,4061,2034,0.00,0.00,0,0
1598828374,s3-eth1,6145723.00,150473.00,6296196.00,150473,6145723,4061.00,2030.00,6091.00,2030,4061,0.00,0.00,0,0
1598828374,total,18886832.00,18892800.00,37779632.00,18892800,18886833,18291.00,18296.00,36587.00,18296,18291,0.00,0.00,0,0
1598828375,s5,0.00,0.00,0.00,0,0,0.00,0.00,0.00,0,0,0.00,0.00,0,0
1598828375,s1,0.00,0.00,0.00,0,0,0.00,0.00,0.00,0,0,0.00,0.00,0,0
1598828375,eth0,0.00,0.00,0.00,0,0,0.00,0.00,0.00,0,0,0.00,0.00,0,0
1598828375,eth1,0.00,0.00,0.00,0,0,0.00,0.00,0.00,0,0,0.00,0.00,0,0
1598828375,s2,0.00,0.00,0.00,0,0,0.00,0.00,0.00,0,0,0.00,0.00,0,0
1598828375,s1-eth2,151848.00,6213456.00,6365304.00,6213456,151848,2052.00,4104.00,6156.00,4104,2052,0.00,0.00,0,0
1598828375,s1-eth1,6210428.00,151848.00,6362276.00,151848,6210428,4102.00,2052.00,6154.00,2052,4102,0.00,0.00,0,0
1598828375,s3,0.00,0.00,0.00,0,0,0.00,0.00,0.00,0,0,0.00,0.00,0,0
1598828375,s2-eth2,151774.00,6208914.00,6360688.00,6208914,151774,2051.00,4101.00,6152.00,4101,2051,0.00,0.00,0,0
1598828375,s2-eth1,6213456.00,151774.00,6365230.00,151774,6213456,4104.00,2051.00,6155.00,2051,4104,0.00,0.00,0,0
1598828375,lo,344.00,344.00,688.00,344,344,6.00,6.00,12.00,6,6,0.00,0.00,0,0
1598828375,s4,0.00,0.00,0.00,0,0,0.00,0.00,0.00,0,0,0.00,0.00,0,0
1598828375,s3-eth2,151774.00,6210428.00,6362202.00,6210428,151774,2051.00,4102.00,6153.00,4102,2051,0.00,0.00,0,0
1598828375,s3-eth1,6208914.00,151774.00,6360688.00,151774,6208914,4101.00,2051.00,6152.00,2051,4101,0.00,0.00,0,0
1598828375,total,19088538.00,19088538.00,38177076.00,19088538,19088538,18467.00,18467.00,36934.00,18467,18467,0.00,0.00,0,0
1598828376,s5,0.00,0.00,0.00,0,0,0.00,0.00,0.00,0,0,0.00,0.00,0,0
1598828376,s1,0.00,106.89,106.89,107,0,0.00,1.00,1.00,1,0,0.00,0.00,0,0
1598828376,eth0,0.00,235.76,235.76,236,0,0.00,2.00,2.00,2,0,0.00,0.00,0,0
1598828376,eth1,0.00,0.00,0.00,0,0,0.00,0.00,0.00,0,0,0.00,0.00,0,0
1598828376,s2,0.00,106.89,106.89,107,0,0.00,1.00,1.00,1,0,0.00,0.00,0,0
1598828376,s1-eth2,151873.12,6205843.50,6357716.50,6212049,152025,2051.95,4099.90,6151.85,4104,2054,0.00,0.00,0,0
1598828376,s1-eth1,6208975.00,151696.31,6360671.50,151848,6215184,4102.90,2049.95,6152.85,2052,4107,0.00,0.00,0,0
1598828376,s3,0.00,555.44,555.44,556,0,0.00,3.00,3.00,3,0,0.00,0.00,0,0
1598828376,s2-eth2,152325.67,6214811.50,6367137.00,6221026,152478,2053.95,4104.90,6158.84,4109,2056,0.00,0.00,0,0
1598828376,s2-eth1,6210381.00,151947.06,6362328.00,152099,6216591,4102.90,2052.95,6155.84,2055,4107,0.00,0.00,0,0
1598828376,lo,1684.32,1684.32,3368.63,1686,1686,15.98,15.98,31.97,16,16,0.00,0.00,0,0
1598828376,s4,0.00,0.00,0.00,0,0,0.00,0.00,0.00,0,0,0.00,0.00,0,0
1598828376,s3-eth2,152362.91,6199400.00,6351763.00,6217998,152820,2050.85,4094.72,6145.56,4107,2057,0.00,0.00,0,0
1598828376,s3-eth1,6202419.00,152021.94,6354440.50,152478,6221026,4096.71,2049.85,6146.56,2056,4109,0.00,0.00,0,0
1598828376,total,19054646.00,19053032.00,38107676.00,19110190,19111810,18450.65,18450.65,36901.30,18506,18506,0.00,0.00,0,0
1598828377,s5,0.00,0.00,0.00,0,0,0.00,0.00,0.00,0,0,0.00,0.00,0,0
1598828377,s1,0.00,517.45,517.45,519,0,0.00,2.99,2.99,3,0,0.00,0.00,0,0
1598828377,eth0,0.00,117.76,117.76,118,0,0.00,1.00,1.00,1,0,0.00,0.00,0,0
1598828377,eth1,0.00,0.00,0.00,0,0,0.00,0.00,0.00,0,0,0.00,0.00,0,0
1598828377,s2,0.00,517.96,517.96,519,0,0.00,2.99,2.99,3,0,0.00,0.00,0,0
1598828377,s1-eth2,149920.16,6136600.00,6286520.00,6148873,150220,2025.95,4055.89,6081.84,4064,2030,0.00,0.00,0,0
1598828377,s1-eth1,6132478.00,149846.31,6282324.50,150146,6144743,4054.89,2024.95,6079.84,2029,4063,0.00,0.00,0,0
1598828377,s3,0.00,139.72,139.72,140,0,0.00,2.00,2.00,2,0,0.00,0.00,0,0
1598828377,s2-eth2,149912.19,6138041.00,6287953.50,6150317,150212,2025.95,4055.89,6081.84,4064,2030,0.00,0.00,0,0
1598828377,s2-eth1,6132067.00,149772.45,6281839.50,150072,6144331,4052.89,2023.95,6076.85,2028,4061,0.00,0.00,0,0
1598828377,lo,2189.62,2189.62,4379.24,2194,2194,22.95,22.95,45.91,23,23,0.00,0.00,0,0
1598828377,s4,0.00,0.00,0.00,0,0,0.00,0.00,0.00,0,0,0.00,0.00,0,0
1598828377,s3-eth2,150097.00,6136242.00,6286339.00,6136242,150097,2028.00,4053.00,6081.00,4053,2028,0.00,0.00,0,0
1598828377,s3-eth1,6150317.00,150212.00,6300529.00,150212,6150317,4064.00,2030.00,6094.00,2030,4064,0.00,0.00,0,0
1598828377,total,18892114.00,18889352.00,37781464.00,18889352,18892114,18299.00,18300.00,36599.00,18300,18299,0.00,0.00,0,0
1598828378,s5,0.00,0.00,0.00,0,0,0.00,0.00,0.00,0,0,0.00,0.00,0,0
1598828378,s1,0.00,70.00,70.00,70,0,0.00,1.00,1.00,1,0,0.00,0.00,0,0
1598828378,eth0,0.00,118.00,118.00,118,0,0.00,1.00,1.00,1,0,0.00,0.00,0,0
1598828378,eth1,0.00,0.00,0.00,0,0,0.00,0.00,0.00,0,0,0.00,0.00,0,0
1598828378,s2,0.00,412.00,412.00,412,0,0.00,2.00,2.00,2,0,0.00,0.00,0,0
1598828378,s1-eth2,152190.00,6216554.00,6368744.00,6216554,152190,2053.00,4107.00,6160.00,4107,2053,0.00,0.00,0,0
1598828378,s1-eth1,6216554.00,151922.00,6368476.00,151922,6216554,4107.00,2053.00,6160.00,2053,4107,0.00,0.00,0,0
1598828378,s3,0.00,342.00,342.00,342,0,0.00,1.00,1.00,1,0,0.00,0.00,0,0
1598828378,s2-eth2,152338.00,6216554.00,6368892.00,6216554,152338,2055.00,4107.00,6162.00,4107,2055,0.00,0.00,0,0
1598828378,s2-eth1,6216554.00,152264.00,6368818.00,152264,6216554,4107.00,2054.00,6161.00,2054,4107,0.00,0.00,0,0
1598828378,lo,1188.00,1188.00,2376.00,1188,1188,12.00,12.00,24.00,12,12,0.00,0.00,0,0
1598828378,s4,0.00,0.00,0.00,0,0,0.00,0.00,0.00,0,0,0.00,0.00,0,0
1598828378,s3-eth2,152630.00,6217998.00,6370628.00,6217998,152630,2059.00,4107.00,6166.00,4107,2059,0.00,0.00,0,0
1598828378,s3-eth1,6216554.00,152338.00,6368892.00,152338,6216554,4107.00,2055.00,6162.00,2055,4107,0.00,0.00,0,0
1598828378,total,19108008.00,19109760.00,38217768.00,19109760,19108008,18500.00,18500.00,37000.00,18500,18500,0.00,0.00,0,0
1598828379,s5,0.00,0.00,0.00,0,0,0.00,0.00,0.00,0,0,0.00,0.00,0,0
1598828379,s1,0.00,0.00,0.00,0,0,0.00,0.00,0.00,0,0,0.00,0.00,0,0
1598828379,eth0,0.00,117.88,117.88,118,0,0.00,1.00,1.00,1,0,0.00,0.00,0,0
1598828379,eth1,0.00,0.00,0.00,0,0,0.00,0.00,0.00,0,0,0.00,0.00,0,0
1598828379,s2,0.00,0.00,0.00,0,0,0.00,0.00,0.00,0,0,0.00,0.00,0,0
1598828379,s1-eth2,151996.00,6222540.00,6374536.00,6222540,151996,2054.00,4110.00,6164.00,4110,2054,0.00,0.00,0,0
1598828379,s1-eth1,6221026.00,151996.00,6373022.00,151996,6221026,4109.00,2054.00,6163.00,2054,4109,0.00,0.00,0,0
1598828379,s3,0.00,0.00,0.00,0,0,0.00,0.00,0.00,0,0,0.00,0.00,0,0
1598828379,s2-eth2,151996.00,6222540.00,6374536.00,6222540,151996,2054.00,4110.00,6164.00,4110,2054,0.00,0.00,0,0
1598828379,s2-eth1,6225568.00,152070.00,6377638.00,152070,6225568,4112.00,2055.00,6167.00,2055,4112,0.00,0.00,0,0
1598828379,lo,0.00,0.00,0.00,0,0,0.00,0.00,0.00,0,0,0.00,0.00,0,0
1598828379,s4,0.00,0.00,0.00,0,0,0.00,0.00,0.00,0,0,0.00,0.00,0,0
1598828379,s3-eth2,151996.00,6221026.00,6373022.00,6221026,151996,2054.00,4109.00,6163.00,4109,2054,0.00,0.00,0,0
1598828379,s3-eth1,6222540.00,151996.00,6374536.00,151996,6222540,4110.00,2054.00,6164.00,2054,4110,0.00,0.00,0,0
1598828379,total,19125122.00,19122286.00,38247408.00,19122286,19125122,18493.00,18493.00,36986.00,18493,18493,0.00,0.00,0,0
1598828380,s5,0.00,0.00,0.00,0,0,0.00,0.00,0.00,0,0,0.00,0.00,0,0
1598828380,s1,0.00,342.00,342.00,342,0,0.00,1.00,1.00,1,0,0.00,0.00,0,0
1598828380,eth0,0.00,0.00,0.00,0,0,0.00,0.00,0.00,0,0,0.00,0.00,0,0
1598828380,eth1,0.00,0.00,0.00,0,0,0.00,0.00,0.00,0,0,0.00,0.00,0,0
1598828380,s2,0.00,0.00,0.00,0,0,0.00,0.00,0.00,0,0,0.00,0.00,0,0
1598828380,s1-eth2,151816.00,6210812.00,6362628.00,6210812,151816,2052.00,4104.00,6156.00,4104,2052,0.00,0.00,0,0
1598828380,s1-eth1,6207784.00,151520.00,6359304.00,151520,6207784,4102.00,2048.00,6150.00,2048,4102,0.00,0.00,0,0
1598828380,s3,0.00,342.00,342.00,342,0,0.00,1.00,1.00,1,0,0.00,0.00,0,0
1598828380,s2-eth2,152084.00,6210470.00,6362554.00,6210470,152084,2052.00,4103.00,6155.00,4103,2052,0.00,0.00,0,0
1598828380,s2-eth1,6206270.00,151742.00,6358012.00,151742,6206270,4101.00,2051.00,6152.00,2051,4101,0.00,0.00,0,0
1598828380,lo,996.00,996.00,1992.00,996,996,12.00,12.00,24.00,12,12,0.00,0.00,0,0
1598828380,s4,0.00,0.00,0.00,0,0,0.00,0.00,0.00,0,0,0.00,0.00,0,0
1598828380,s3-eth2,152084.00,6207442.00,6359526.00,6207442,152084,2052.00,4101.00,6153.00,4101,2052,0.00,0.00,0,0
1598828380,s3-eth1,6210470.00,152084.00,6362554.00,152084,6210470,4103.00,2052.00,6155.00,2052,4103,0.00,0.00,0,0
1598828380,total,19081504.00,19085750.00,38167256.00,19085750,19081504,18474.00,18473.00,36947.00,18473,18474,0.00,0.00,0,0
1598828381,s5,0.00,0.00,0.00,0,0,0.00,0.00,0.00,0,0,0.00,0.00,0,0
1598828381,s1,0.00,0.00,0.00,0,0,0.00,0.00,0.00,0,0,0.00,0.00,0,0
1598828381,eth0,0.00,235.76,235.76,236,0,0.00,2.00,2.00,2,0,0.00,0.00,0,0
1598828381,eth1,0.00,0.00,0.00,0,0,0.00,0.00,0.00,0,0,0.00,0.00,0,0
1598828381,s2,0.00,0.00,0.00,0,0,0.00,0.00,0.00,0,0,0.00,0.00,0,0
1598828381,s1-eth2,53185.63,1960748.50,2013934.12,1964670,53292,718.56,1298.40,2016.97,1301,720,0.00,0.00,0,0
1598828381,s1-eth1,2040830.38,51856.29,2092686.62,51960,2044912,1351.30,700.60,2051.90,702,1354,0.00,0.00,0,0
1598828381,s3,0.00,0.00,0.00,0,0,0.00,0.00,0.00,0,0,0.00,0.00,0,0
1598828381,s2-eth2,54662.68,1883688.62,1938351.38,1887456,54772,738.52,1247.51,1986.03,1250,740,0.00,0.00,0,0
1598828381,s2-eth1,1960748.50,53111.78,2013860.38,53218,1964670,1298.40,717.56,2015.97,719,1301,0.00,0.00,0,0
1598828381,lo,0.00,0.00,0.00,0,0,0.00,0.00,0.00,0,0,0.00,0.00,0,0
1598828381,s4,0.00,0.00,0.00,0,0,0.00,0.00,0.00,0,0,0.00,0.00,0,0
1598828381,s3-eth2,56213.57,1815694.62,1871908.25,1819326,56326,759.48,1202.59,1962.08,1205,761,0.00,0.00,0,0
1598828381,s3-eth1,1883688.62,54662.68,1938351.38,54772,1887456,1247.51,738.52,1986.03,740,1250,0.00,0.00,0,0
1598828381,total,6049329.50,5819998.00,11869328.00,5831638,6061428,6113.77,5907.19,12020.96,5919,6126,0.00,0.00,0,0
1598828382,s5,0.00,0.00,0.00,0,0,0.00,0.00,0.00,0,0,0.00,0.00,0,0
1598828382,s1,0.00,0.00,0.00,0,0,0.00,0.00,0.00,0,0,0.00,0.00,0,0
1598828382,eth0,0.00,117.88,117.88,118,0,0.00,1.00,1.00,1,0,0.00,0.00,0,0
1598828382,eth1,0.00,0.00,0.00,0,0,0.00,0.00,0.00,0,0,0.00,0.00,0,0
1598828382,s2,0.00,0.00,0.00,0,0,0.00,0.00,0.00,0,0,0.00,0.00,0,0
1598828382,s1-eth2,0.00,0.00,0.00,0,0,0.00,0.00,0.00,0,0,0.00,0.00,0,0
1598828382,s1-eth1,0.00,0.00,0.00,0,0,0.00,0.00,0.00,0,0,0.00,0.00,0,0
1598828382,s3,0.00,0.00,0.00,0,0,0.00,0.00,0.00,0,0,0.00,0.00,0,0
1598828382,s2-eth2,0.00,0.00,0.00,0,0,0.00,0.00,0.00,0,0,0.00,0.00,0,0
1598828382,s2-eth1,0.00,0.00,0.00,0,0,0.00,0.00,0.00,0,0,0.00,0.00,0,0
1598828382,lo,171.83,171.83,343.66,172,172,3.00,3.00,5.99,3,3,0.00,0.00,0,0
1598828382,s4,0.00,0.00,0.00,0,0,0.00,0.00,0.00,0,0,0.00,0.00,0,0
1598828382,s3-eth2,0.00,0.00,0.00,0,0,0.00,0.00,0.00,0,0,0.00,0.00,0,0
1598828382,s3-eth1,0.00,0.00,0.00,0,0,0.00,0.00,0.00,0,0,0.00,0.00,0,0
1598828382,total,171.83,289.71,461.54,290,172,3.00,4.00,6.99,4,3,0.00,0.00,0,0
1598828383,s5,0.00,0.00,0.00,0,0,0.00,0.00,0.00,0,0,0.00,0.00,0,0
1598828383,s1,0.00,0.00,0.00,0,0,0.00,0.00,0.00,0,0,0.00,0.00,0,0
1598828383,eth0,0.00,0.00,0.00,0,0,0.00,0.00,0.00,0,0,0.00,0.00,0,0
1598828383,eth1,0.00,0.00,0.00,0,0,0.00,0.00,0.00,0,0,0.00,0.00,0,0
1598828383,s2,0.00,0.00,0.00,0,0,0.00,0.00,0.00,0,0,0.00,0.00,0,0
1598828383,s1-eth2,0.00,0.00,0.00,0,0,0.00,0.00,0.00,0,0,0.00,0.00,0,0
1598828383,s1-eth1,0.00,0.00,0.00,0,0,0.00,0.00,0.00,0,0,0.00,0.00,0,0
1598828383,s3,0.00,0.00,0.00,0,0,0.00,0.00,0.00,0,0,0.00,0.00,0,0
1598828383,s2-eth2,0.00,0.00,0.00,0,0,0.00,0.00,0.00,0,0,0.00,0.00,0,0
1598828383,s2-eth1,0.00,0.00,0.00,0,0,0.00,0.00,0.00,0,0,0.00,0.00,0,0
1598828383,lo,0.00,0.00,0.00,0,0,0.00,0.00,0.00,0,0,0.00,0.00,0,0
1598828383,s4,0.00,0.00,0.00,0,0,0.00,0.00,0.00,0,0,0.00,0.00,0,0
1598828383,s3-eth2,0.00,0.00,0.00,0,0,0.00,0.00,0.00,0,0,0.00,0.00,0,0
1598828383,s3-eth1,0.00,0.00,0.00,0,0,0.00,0.00,0.00,0,0,0.00,0.00,0,0
1598828383,total,0.00,0.00,0.00,0,0,0.00,0.00,0.00,0,0,0.00,0.00,0,0
1598828384,s5,0.00,0.00,0.00,0,0,0.00,0.00,0.00,0,0,0.00,0.00,0,0
1598828384,s1,0.00,106.89,106.89,107,0,0.00,1.00,1.00,1,0,0.00,0.00,0,0
1598828384,eth0,0.00,59.94,59.94,60,0,0.00,1.00,1.00,1,0,0.00,0.00,0,0
1598828384,eth1,0.00,0.00,0.00,0,0,0.00,0.00,0.00,0,0,0.00,0.00,0,0
1598828384,s2,0.00,106.89,106.89,107,0,0.00,1.00,1.00,1,0,0.00,0.00,0,0
1598828384,s1-eth2,106.89,106.89,213.79,107,107,1.00,1.00,2.00,1,1,0.00,0.00,0,0
1598828384,s1-eth1,213.79,0.00,213.79,0,214,2.00,0.00,2.00,0,2,0.00,0.00,0,0
1598828384,s3,0.00,213.79,213.79,214,0,0.00,2.00,2.00,2,0,0.00,0.00,0,0
1598828384,s2-eth2,213.79,0.00,213.79,0,214,2.00,0.00,2.00,0,2,0.00,0.00,0,0
1598828384,s2-eth1,106.89,106.89,213.79,107,107,1.00,1.00,2.00,1,1,0.00,0.00,0,0
1598828384,lo,1218.78,1218.78,2437.56,1220,1220,11.99,11.99,23.98,12,12,0.00,0.00,0,0
1598828384,s4,0.00,0.00,0.00,0,0,0.00,0.00,0.00,0,0,0.00,0.00,0,0
1598828384,s3-eth2,213.79,0.00,213.79,0,214,2.00,0.00,2.00,0,2,0.00,0.00,0,0
1598828384,s3-eth1,0.00,213.79,213.79,214,0,0.00,2.00,2.00,2,0,0.00,0.00,0,0
1598828384,total,2073.93,2133.87,4207.79,2136,2076,19.98,20.98,40.96,21,20,0.00,0.00,0,0
1598828385,s5,0.00,0.00,0.00,0,0,0.00,0.00,0.00,0,0,0.00,0.00,0,0
1598828385,s1,0.00,106.89,106.89,107,0,0.00,1.00,1.00,1,0,0.00,0.00,0,0
1598828385,eth0,0.00,117.88,117.88,118,0,0.00,1.00,1.00,1,0,0.00,0.00,0,0
1598828385,eth1,0.00,0.00,0.00,0,0,0.00,0.00,0.00,0,0,0.00,0.00,0,0
1598828385,s2,0.00,106.89,106.89,107,0,0.00,1.00,1.00,1,0,0.00,0.00,0,0
1598828385,s1-eth2,0.00,106.89,106.89,107,0,0.00,1.00,1.00,1,0,0.00,0.00,0,0
1598828385,s1-eth1,106.79,0.00,106.79,0,107,1.00,0.00,1.00,0,1,0.00,0.00,0,0
1598828385,s3,0.00,0.00,0.00,0,0,0.00,0.00,0.00,0,0,0.00,0.00,0,0
1598828385,s2-eth2,0.00,106.79,106.79,107,0,0.00,1.00,1.00,1,0,0.00,0.00,0,0
1598828385,s2-eth1,106.79,0.00,106.79,0,107,1.00,0.00,1.00,0,1,0.00,0.00,0,0
1598828385,lo,952.10,952.10,1904.19,954,954,11.98,11.98,23.95,12,12,0.00,0.00,0,0
1598828385,s4,0.00,0.00,0.00,0,0,0.00,0.00,0.00,0,0,0.00,0.00,0,0
1598828385,s3-eth2,448.10,0.00,448.10,0,449,2.00,0.00,2.00,0,2,0.00,0.00,0,0
1598828385,s3-eth1,106.79,0.00,106.79,0,107,1.00,0.00,1.00,0,1,0.00,0.00,0,0
1598828385,total,1720.56,1497.01,3217.56,1500,1724,16.97,16.97,33.93,17,17,0.00,0.00,0,0
1598828386,s5,0.00,0.00,0.00,0,0,0.00,0.00,0.00,0,0,0.00,0.00,0,0
1598828386,s1,0.00,0.00,0.00,0,0,0.00,0.00,0.00,0,0,0.00,0.00,0,0
1598828386,eth0,0.00,117.53,117.53,118,0,0.00,1.00,1.00,1,0,0.00,0.00,0,0
1598828386,eth1,0.00,0.00,0.00,0,0,0.00,0.00,0.00,0,0,0.00,0.00,0,0
1598828386,s2,0.00,0.00,0.00,0,0,0.00,0.00,0.00,0,0,0.00,0.00,0,0
1598828386,s1-eth2,0.00,0.00,0.00,0,0,0.00,0.00,0.00,0,0,0.00,0.00,0,0
1598828386,s1-eth1,0.00,0.00,0.00,0,0,0.00,0.00,0.00,0,0,0.00,0.00,0,0
1598828386,s3,0.00,0.00,0.00,0,0,0.00,0.00,0.00,0,0,0.00,0.00,0,0
1598828386,s2-eth2,0.00,0.00,0.00,0,0,0.00,0.00,0.00,0,0,0.00,0.00,0,0
1598828386,s2-eth1,0.00,0.00,0.00,0,0,0.00,0.00,0.00,0,0,0.00,0.00,0,0
1598828386,lo,0.00,0.00,0.00,0,0,0.00,0.00,0.00,0,0,0.00,0.00,0,0
1598828386,s4,0.00,0.00,0.00,0,0,0.00,0.00,0.00,0,0,0.00,0.00,0,0
1598828386,s3-eth2,0.00,0.00,0.00,0,0,0.00,0.00,0.00,0,0,0.00,0.00,0,0
1598828386,s3-eth1,0.00,0.00,0.00,0,0,0.00,0.00,0.00,0,0,0.00,0.00,0,0
1598828386,total,0.00,117.65,117.65,118,0,0.00,1.00,1.00,1,0,0.00,0.00,0,0
1598828387,s5,0.00,0.00,0.00,0,0,0.00,0.00,0.00,0,0,0.00,0.00,0,0
1598828387,s1,0.00,0.00,0.00,0,0,0.00,0.00,0.00,0,0,0.00,0.00,0,0
1598828387,eth0,0.00,0.00,0.00,0,0,0.00,0.00,0.00,0,0,0.00,0.00,0,0
1598828387,eth1,0.00,0.00,0.00,0,0,0.00,0.00,0.00,0,0,0.00,0.00,0,0
1598828387,s2,0.00,0.00,0.00,0,0,0.00,0.00,0.00,0,0,0.00,0.00,0,0
1598828387,s1-eth2,0.00,0.00,0.00,0,0,0.00,0.00,0.00,0,0,0.00,0.00,0,0
1598828387,s1-eth1,0.00,0.00,0.00,0,0,0.00,0.00,0.00,0,0,0.00,0.00,0,0
1598828387,s3,0.00,0.00,0.00,0,0,0.00,0.00,0.00,0,0,0.00,0.00,0,0
1598828387,s2-eth2,0.00,0.00,0.00,0,0,0.00,0.00,0.00,0,0,0.00,0.00,0,0
1598828387,s2-eth1,0.00,0.00,0.00,0,0,0.00,0.00,0.00,0,0,0.00,0.00,0,0
1598828387,lo,0.00,0.00,0.00,0,0,0.00,0.00,0.00,0,0,0.00,0.00,0,0
1598828387,s4,0.00,0.00,0.00,0,0,0.00,0.00,0.00,0,0,0.00,0.00,0,0
1598828387,s3-eth2,0.00,0.00,0.00,0,0,0.00,0.00,0.00,0,0,0.00,0.00,0,0
1598828387,s3-eth1,0.00,0.00,0.00,0,0,0.00,0.00,0.00,0,0,0.00,0.00,0,0
1598828387,total,0.00,0.00,0.00,0,0,0.00,0.00,0.00,0,0,0.00,0.00,0,0
1598828388,s5,0.00,0.00,0.00,0,0,0.00,0.00,0.00,0,0,0.00,0.00,0,0
1598828388,s1,0.00,341.66,341.66,342,0,0.00,1.00,1.00,1,0,0.00,0.00,0,0
1598828388,eth0,0.00,117.88,117.88,118,0,0.00,1.00,1.00,1,0,0.00,0.00,0,0
1598828388,eth1,0.00,0.00,0.00,0,0,0.00,0.00,0.00,0,0,0.00,0.00,0,0
1598828388,s2,0.00,341.66,341.66,342,0,0.00,1.00,1.00,1,0,0.00,0.00,0,0
1598828388,s1-eth2,0.00,341.66,341.66,342,0,0.00,1.00,1.00,1,0,0.00,0.00,0,0
1598828388,s1-eth1,341.66,0.00,341.66,0,342,1.00,0.00,1.00,0,1,0.00,0.00,0,0
1598828388,s3,0.00,0.00,0.00,0,0,0.00,0.00,0.00,0,0,0.00,0.00,0,0
1598828388,s2-eth2,0.00,341.66,341.66,342,0,0.00,1.00,1.