1598714457,s5,0.00,0.00,0.00,0,0,0.00,0.00,0.00,0,0,0.00,0.00,0,0
1598714457,s1,0.00,0.00,0.00,0,0,0.00,0.00,0.00,0,0,0.00,0.00,0,0
1598714457,eth0,0.00,0.00,0.00,0,0,0.00,0.00,0.00,0,0,0.00,0.00,0,0
1598714457,eth1,0.00,0.00,0.00,0,0,0.00,0.00,0.00,0,0,0.00,0.00,0,0
1598714457,s2,0.00,0.00,0.00,0,0,0.00,0.00,0.00,0,0,0.00,0.00,0,0
1598714457,s1-eth2,0.00,0.00,0.00,0,0,0.00,0.00,0.00,0,0,0.00,0.00,0,0
1598714457,s1-eth1,0.00,0.00,0.00,0,0,0.00,0.00,0.00,0,0,0.00,0.00,0,0
1598714457,s3,0.00,0.00,0.00,0,0,0.00,0.00,0.00,0,0,0.00,0.00,0,0
1598714457,lo,0.00,0.00,0.00,0,0,0.00,0.00,0.00,0,0,0.00,0.00,0,0
1598714457,s4,0.00,0.00,0.00,0,0,0.00,0.00,0.00,0,0,0.00,0.00,0,0
1598714457,total,0.00,0.00,0.00,0,0,0.00,0.00,0.00,0,0,0.00,0.00,0,0
1598714458,s5,0.00,0.00,0.00,0,0,0.00,0.00,0.00,0,0,0.00,0.00,0,0
1598714458,s1,159.68,339.32,499.00,340,160,2.00,3.99,5.99,4,2,0.00,0.00,0,0
1598714458,eth0,678.64,1074.85,1753.49,1077,680,8.98,9.98,18.96,10,9,0.00,0.00,0,0
1598714458,eth1,0.00,0.00,0.00,0,0,0.00,0.00,0.00,0,0,0.00,0.00,0,0
1598714458,s2,0.00,0.00,0.00,0,0,0.00,0.00,0.00,0,0,0.00,0.00,0,0
1598714458,s1-eth2,33460.00,1244758.00,1278218.00,1244758,33460,438.00,825.00,1263.00,825,438,0.00,0.00,0,0
1598714458,s1-eth1,1246697.00,31614.00,1278311.00,31614,1246697,837.00,427.00,1264.00,427,837,0.00,0.00,0,0
1598714458,s3,0.00,0.00,0.00,0,0,0.00,0.00,0.00,0,0,0.00,0.00,0,0
1598714458,lo,2711.00,2711.00,5422.00,2711,2711,30.00,30.00,60.00,30,30,0.00,0.00,0,0
1598714458,s4,0.00,0.00,0.00,0,0,0.00,0.00,0.00,0,0,0.00,0.00,0,0
1598714458,total,1283708.00,1280500.00,2564208.00,1280500,1283708,1316.00,1296.00,2612.00,1296,1316,0.00,0.00,0,0
1598714459,s5,0.00,0.00,0.00,0,0,0.00,0.00,0.00,0,0,0.00,0.00,0,0
1598714459,s1,90.00,0.00,90.00,0,90,1.00,0.00,1.00,0,1,0.00,0.00,0,0
1598714459,eth0,152.00,363.00,515.00,363,152,2.00,3.00,5.00,3,2,0.00,0.00,0,0
1598714459,eth1,0.00,0.00,0.00,0,0,0.00,0.00,0.00,0,0,0.00,0.00,0,0
1598714459,s2,0.00,0.00,0.00,0,0,0.00,0.00,0.00,0,0,0.00,0.00,0,0
1598714459,s1-eth2,32705.00,1249050.00,1281755.00,1249050,32705,434.00,825.00,1259.00,825,434,0.00,0.00,0,0
1598714459,s1-eth1,1250183.00,31746.00,1281929.00,31746,1250183,830.00,429.00,1259.00,429,830,0.00,0.00,0,0
1598714459,s3,0.00,0.00,0.00,0,0,0.00,0.00,0.00,0,0,0.00,0.00,0,0
1598714459,lo,629.00,629.00,1258.00,629,629,7.00,7.00,14.00,7,7,0.00,0.00,0,0
1598714459,s4,0.00,0.00,0.00,0,0,0.00,0.00,0.00,0,0,0.00,0.00,0,0
1598714459,total,1283759.00,1281788.00,2565547.00,1281788,1283759,1274.00,1264.00,2538.00,1264,1274,0.00,0.00,0,0
1598714460,s5,0.00,0.00,0.00,0,0,0.00,0.00,0.00,0,0,0.00,0.00,0,0
1598714460,s1,0.00,0.00,0.00,0,0,0.00,0.00,0.00,0,0,0.00,0.00,0,0
1598714460,eth0,0.00,118.00,118.00,118,0,0.00,1.00,1.00,1,0,0.00,0.00,0,0
1598714460,eth1,0.00,0.00,0.00,0,0,0.00,0.00,0.00,0,0,0.00,0.00,0,0
1598714460,s2,0.00,0.00,0.00,0,0,0.00,0.00,0.00,0,0,0.00,0.00,0,0
1598714460,s1-eth2,32192.00,1241480.00,1273672.00,1241480,32192,429.00,820.00,1249.00,820,429,0.00,0.00,0,0
1598714460,s1-eth1,1241807.00,31598.00,1273405.00,31598,1241807,821.00,427.00,1248.00,427,821,0.00,0.00,0,0
1598714460,s3,0.00,0.00,0.00,0,0,0.00,0.00,0.00,0,0,0.00,0.00,0,0
1598714460,lo,0.00,0.00,0.00,0,0,0.00,0.00,0.00,0,0,0.00,0.00,0,0
1598714460,s4,0.00,0.00,0.00,0,0,0.00,0.00,0.00,0,0,0.00,0.00,0,0
1598714460,total,1273999.00,1273196.00,2547195.00,1273196,1273999,1250.00,1248.00,2498.00,1248,1250,0.00,0.00,0,0
1598714461,s5,0.00,0.00,0.00,0,0,0.00,0.00,0.00,0,0,0.00,0.00,0,0
1598714461,s1,0.00,70.00,70.00,70,0,0.00,1.00,1.00,1,0,0.00,0.00,0,0
1598714461,eth0,0.00,178.00,178.00,178,0,0.00,2.00,2.00,2,0,0.00,0.00,0,0
1598714461,eth1,0.00,0.00,0.00,0,0,0.00,0.00,0.00,0,0,0.00,0.00,0,0
1598714461,s2,0.00,0.00,0.00,0,0,0.00,0.00,0.00,0,0,0.00,0.00,0,0
1598714461,s1-eth2,31595.41,1240239.75,1271835.25,1241480,31627,426.57,819.18,1245.75,820,427,0.00,0.00,0,0
1598714461,s1-eth1,1239100.88,31488.51,1270589.50,31520,1240340,820.18,425.57,1245.75,426,821,0.00,0.00,0,0
1598714461,s3,0.00,0.00,0.00,0,0,0.00,0.00,0.00,0,0,0.00,0.00,0,0
1598714461,lo,267.73,267.73,535.46,268,268,3.00,3.00,5.99,3,3,0.00,0.00,0,0
1598714461,s4,0.00,0.00,0.00,0,0,0.00,0.00,0.00,0,0,0.00,0.00,0,0
1598714461,total,1270964.12,1272243.75,2543207.75,1273516,1272235,1249.75,1250.75,2500.50,1252,1251,0.00,0.00,0,0
1598714462,s5,0.00,0.00,0.00,0,0,0.00,0.00,0.00,0,0,0.00,0.00,0,0
1598714462,s1,69.93,69.93,139.86,70,70,1.00,1.00,2.00,1,1,0.00,0.00,0,0
1598714462,eth0,0.00,117.88,117.88,118,0,0.00,1.00,1.00,1,0,0.00,0.00,0,0
1598714462,eth1,0.00,0.00,0.00,0,0,0.00,0.00,0.00,0,0,0.00,0.00,0,0
1598714462,s2,0.00,0.00,0.00,0,0,0.00,0.00,0.00,0,0,0.00,0.00,0,0
1598714462,s1-eth2,31222.00,1246092.00,1277314.00,1246092,31222,416.00,824.00,1240.00,824,416,0.00,0.00,0,0
1598714462,s1-eth1,1243873.00,30414.00,1274287.00,30414,1243873,826.00,411.00,1237.00,411,826,0.00,0.00,0,0
1598714462,s3,0.00,0.00,0.00,0,0,0.00,0.00,0.00,0,0,0.00,0.00,0,0
1598714462,lo,1224.00,1224.00,2448.00,1224,1224,18.00,18.00,36.00,18,18,0.00,0.00,0,0
1598714462,s4,0.00,0.00,0.00,0,0,0.00,0.00,0.00,0,0,0.00,0.00,0,0
1598714462,total,1276389.00,1277918.00,2554307.00,1277918,1276389,1261.00,1255.00,2516.00,1255,1261,0.00,0.00,0,0
1598714463,s5,0.00,0.00,0.00,0,0,0.00,0.00,0.00,0,0,0.00,0.00,0,0
1598714463,s1,0.00,0.00,0.00,0,0,0.00,0.00,0.00,0,0,0.00,0.00,0,0
1598714463,eth0,224.00,342.00,566.00,342,224,3.00,4.00,7.00,4,3,0.00,0.00,0,0
1598714463,eth1,0.00,0.00,0.00,0,0,0.00,0.00,0.00,0,0,0.00,0.00,0,0
1598714463,s2,0.00,0.00,0.00,0,0,0.00,0.00,0.00,0,0,0.00,0.00,0,0
1598714463,s1-eth2,30118.00,1235424.00,1265542.00,1235424,30118,407.00,816.00,1223.00,816,407,0.00,0.00,0,0
1598714463,s1-eth1,1235424.00,30192.00,1265616.00,30192,1235424,816.00,408.00,1224.00,408,816,0.00,0.00,0,0
1598714463,s3,0.00,0.00,0.00,0,0,0.00,0.00,0.00,0,0,0.00,0.00,0,0
1598714463,lo,0.00,0.00,0.00,0,0,0.00,0.00,0.00,0,0,0.00,0.00,0,0
1598714463,s4,0.00,0.00,0.00,0,0,0.00,0.00,0.00,0,0,0.00,0.00,0,0
1598714463,total,1265766.00,1265958.00,2531724.00,1265958,1265766,1226.00,1228.00,2454.00,1228,1226,0.00,0.00,0,0
1598714464,s5,0.00,0.00,0.00,0,0,0.00,0.00,0.00,0,0,0.00,0.00,0,0
1598714464,s1,0.00,0.00,0.00,0,0,0.00,0.00,0.00,0,0,0.00,0.00,0,0
1598714464,eth0,0.00,178.00,178.00,178,0,0.00,2.00,2.00,2,0,0.00,0.00,0,0
1598714464,eth1,0.00,0.00,0.00,0,0,0.00,0.00,0.00,0,0,0.00,0.00,0,0
1598714464,s2,0.00,0.00,0.00,0,0,0.00,0.00,0.00,0,0,0.00,0.00,0,0
1598714464,s1-eth2,30414.00,1246022.00,1276436.00,1246022,30414,411.00,823.00,1234.00,823,411,0.00,0.00,0,0
1598714464,s1-eth1,1244508.00,30414.00,1274922.00,30414,1244508,822.00,411.00,1233.00,411,822,0.00,0.00,0,0
1598714464,s3,0.00,0.00,0.00,0,0,0.00,0.00,0.00,0,0,0.00,0.00,0,0
1598714464,lo,0.00,0.00,0.00,0,0,0.00,0.00,0.00,0,0,0.00,0.00,0,0
1598714464,s4,0.00,0.00,0.00,0,0,0.00,0.00,0.00,0,0,0.00,0.00,0,0
1598714464,total,1274922.00,1276614.00,2551536.00,1276614,1274922,1233.00,1236.00,2469.00,1236,1233,0.00,0.00,0,0
1598714465,s5,0.00,0.00,0.00,0,0,0.00,0.00,0.00,0,0,0.00,0.00,0,0
1598714465,s1,0.00,70.00,70.00,70,0,0.00,1.00,1.00,1,0,0.00,0.00,0,0
1598714465,eth0,0.00,118.00,118.00,118,0,0.00,1.00,1.00,1,0,0.00,0.00,0,0
1598714465,eth1,0.00,0.00,0.00,0,0,0.00,0.00,0.00,0,0,0.00,0.00,0,0
1598714465,s2,0.00,0.00,0.00,0,0,0.00,0.00,0.00,0,0,0.00,0.00,0,0
1598714465,s1-eth2,30295.00,1229368.00,1259663.00,1229368,30295,409.00,812.00,1221.00,812,409,0.00,0.00,0,0
1598714465,s1-eth1,1229475.00,30114.00,1259589.00,30114,1229475,813.00,407.00,1220.00,407,813,0.00,0.00,0,0
1598714465,s3,0.00,0.00,0.00,0,0,0.00,0.00,0.00,0,0,0.00,0.00,0,0
1598714465,lo,268.00,268.00,536.00,268,268,3.00,3.00,6.00,3,3,0.00,0.00,0,0
1598714465,s4,0.00,0.00,0.00,0,0,0.00,0.00,0.00,0,0,0.00,0.00,0,0
1598714465,total,1260038.00,1259938.00,2519976.00,1259938,1260038,1225.00,1224.00,2449.00,1224,1225,0.00,0.00,0,0
1598714466,s5,0.00,0.00,0.00,0,0,0.00,0.00,0.00,0,0,0.00,0.00,0,0
1598714466,s1,69.93,69.93,139.86,70,70,1.00,1.00,2.00,1,1,0.00,0.00,0,0
1598714466,eth0,0.00,117.88,117.88,118,0,0.00,1.00,1.00,1,0,0.00,0.00,0,0
1598714466,eth1,0.00,0.00,0.00,0,0,0.00,0.00,0.00,0,0,0.00,0.00,0,0
1598714466,s2,0.00,0.00,0.00,0,0,0.00,0.00,0.00,0,0,0.00,0.00,0,0
1598714466,s1-eth2,30819.18,1246359.62,1277178.88,1247606,30850,416.58,824.18,1240.76,825,417,0.00,0.00,0,0
1598714466,s1-eth1,1246499.50,30679.32,1277178.88,30710,1247746,826.17,414.59,1240.76,415,827,0.00,0.00,0,0
1598714466,s3,0.00,0.00,0.00,0,0,0.00,0.00,0.00,0,0,0.00,0.00,0,0
1598714466,lo,535.46,535.46,1070.93,536,536,5.99,5.99,11.99,6,6,0.00,0.00,0,0
1598714466,s4,0.00,0.00,0.00,0,0,0.00,0.00,0.00,0,0,0.00,0.00,0,0
1598714466,total,1277924.12,1277762.25,2555686.50,1279040,1279202,1249.75,1246.75,2496.50,1248,1251,0.00,0.00,0,0
1598714467,s5,0.00,0.00,0.00,0,0,0.00,0.00,0.00,0,0,0.00,0.00,0,0
1598714467,s1,0.00,0.00,0.00,0,0,0.00,0.00,0.00,0,0,0.00,0.00,0,0
1598714467,eth0,0.00,118.00,118.00,118,0,0.00,1.00,1.00,1,0,0.00,0.00,0,0
1598714467,eth1,0.00,0.00,0.00,0,0,0.00,0.00,0.00,0,0,0.00,0.00,0,0
1598714467,s2,0.00,0.00,0.00,0,0,0.00,0.00,0.00,0,0,0.00,0.00,0,0
1598714467,s1-eth2,30830.00,1247536.00,1278366.00,1247536,30830,413.00,824.00,1237.00,824,413,0.00,0.00,0,0
1598714467,s1-eth1,1249050.00,30562.00,1279612.00,30562,1249050,825.00,413.00,1238.00,413,825,0.00,0.00,0,0
1598714467,s3,0.00,0.00,0.00,0,0,0.00,0.00,0.00,0,0,0.00,0.00,0,0
1598714467,lo,688.00,688.00,1376.00,688,688,12.00,12.00,24.00,12,12,0.00,0.00,0,0
1598714467,s4,0.00,0.00,0.00,0,0,0.00,0.00,0.00,0,0,0.00,0.00,0,0
1598714467,total,1280568.00,1278904.00,2559472.00,1278904,1280568,1250.00,1250.00,2500.00,1250,1250,0.00,0.00,0,0
1598714468,s5,0.00,0.00,0.00,0,0,0.00,0.00,0.00,0,0,0.00,0.00,0,0
1598714468,s1,0.00,0.00,0.00,0,0,0.00,0.00,0.00,0,0,0.00,0.00,0,0
1598714468,eth0,0.00,0.00,0.00,0,0,0.00,0.00,0.00,0,0,0.00,0.00,0,0
1598714468,eth1,0.00,0.00,0.00,0,0,0.00,0.00,0.00,0,0,0.00,0.00,0,0
1598714468,s2,0.00,0.00,0.00,0,0,0.00,0.00,0.00,0,0,0.00,0.00,0,0
1598714468,s1-eth2,30414.00,1244508.00,1274922.00,1244508,30414,411.00,822.00,1233.00,822,411,0.00,0.00,0,0
1598714468,s1-eth1,1244508.00,30414.00,1274922.00,30414,1244508,822.00,411.00,1233.00,411,822,0.00,0.00,0,0
1598714468,s3,0.00,0.00,0.00,0,0,0.00,0.00,0.00,0,0,0.00,0.00,0,0
1598714468,lo,0.00,0.00,0.00,0,0,0.00,0.00,0.00,0,0,0.00,0.00,0,0
1598714468,s4,0.00,0.00,0.00,0,0,0.00,0.00,0.00,0,0,0.00,0.00,0,0
1598714468,total,1274922.00,1274922.00,2549844.00,1274922,1274922,1233.00,1233.00,2466.00,1233,1233,0.00,0.00,0,0
1598714469,s5,0.00,0.00,0.00,0,0,0.00,0.00,0.00,0,0,0.00,0.00,0,0
1598714469,s1,0.00,0.00,0.00,0,0,0.00,0.00,0.00,0,0,0.00,0.00,0,0
1598714469,eth0,0.00,118.00,118.00,118,0,0.00,1.00,1.00,1,0,0.00,0.00,0,0
1598714469,eth1,0.00,0.00,0.00,0,0,0.00,0.00,0.00,0,0,0.00,0.00,0,0
1598714469,s2,0.00,0.00,0.00,0,0,0.00,0.00,0.00,0,0,0.00,0.00,0,0
1598714469,s1-eth2,30161.84,1232677.38,1262839.25,1233910,30192,407.59,814.19,1221.78,815,408,0.00,0.00,0,0
1598714469,s1-eth1,1232677.38,30087.91,1262765.25,30118,1233910,814.19,406.59,1220.78,407,815,0.00,0.00,0,0
1598714469,s3,0.00,0.00,0.00,0,0,0.00,0.00,0.00,0,0,0.00,0.00,0,0
1598714469,lo,0.00,0.00,0.00,0,0,0.00,0.00,0.00,0,0,0.00,0.00,0,0
1598714469,s4,0.00,0.00,0.00,0,0,0.00,0.00,0.00,0,0,0.00,0.00,0,0
1598714469,total,1262839.25,1262883.12,2525722.25,1264146,1264102,1221.78,1221.78,2443.56,1223,1223,0.00,0.00,0,0
1598714470,s5,0.00,0.00,0.00,0,0,0.00,0.00,0.00,0,0,0.00,0.00,0,0
1598714470,s1,0.00,0.00,0.00,0,0,0.00,0.00,0.00,0,0,0.00,0.00,0,0
1598714470,eth0,0.00,118.00,118.00,118,0,0.00,1.00,1.00,1,0,0.00,0.00,0,0
1598714470,eth1,0.00,0.00,0.00,0,0,0.00,0.00,0.00,0,0,0.00,0.00,0,0
1598714470,s2,0.00,0.00,0.00,0,0,0.00,0.00,0.00,0,0,0.00,0.00,0,0
1598714470,s1-eth2,30340.00,1242994.00,1273334.00,1242994,30340,410.00,821.00,1231.00,821,410,0.00,0.00,0,0
1598714470,s1-eth1,1241822.00,30340.00,1272162.00,30340,1241822,821.00,410.00,1231.00,410,821,0.00,0.00,0,0
1598714470,s3,0.00,0.00,0.00,0,0,0.00,0.00,0.00,0,0,0.00,0.00,0,0
1598714470,lo,172.00,172.00,344.00,172,172,3.00,3.00,6.00,3,3,0.00,0.00,0,0
1598714470,s4,0.00,0.00,0.00,0,0,0.00,0.00,0.00,0,0,0.00,0.00,0,0
1598714470,total,1272334.00,1273624.00,2545958.00,1273624,1272334,1234.00,1235.00,2469.00,1235,1234,0.00,0.00,0,0
1598714471,s5,0.00,0.00,0.00,0,0,0.00,0.00,0.00,0,0,0.00,0.00,0,0
1598714471,s1,0.00,0.00,0.00,0,0,0.00,0.00,0.00,0,0,0.00,0.00,0,0
1598714471,eth0,0.00,118.00,118.00,118,0,0.00,1.00,1.00,1,0,0.00,0.00,0,0
1598714471,eth1,0.00,0.00,0.00,0,0,0.00,0.00,0.00,0,0,0.00,0.00,0,0
1598714471,s2,0.00,0.00,0.00,0,0,0.00,0.00,0.00,0,0,0.00,0.00,0,0
1598714471,s1-eth2,30488.00,1247536.00,1278024.00,1247536,30488,412.00,824.00,1236.00,824,412,0.00,0.00,0,0
1598714471,s1-eth1,1247536.00,30488.00,1278024.00,30488,1247536,824.00,412.00,1236.00,412,824,0.00,0.00,0,0
1598714471,s3,0.00,0.00,0.00,0,0,0.00,0.00,0.00,0,0,0.00,0.00,0,0
1598714471,lo,0.00,0.00,0.00,0,0,0.00,0.00,0.00,0,0,0.00,0.00,0,0
1598714471,s4,0.00,0.00,0.00,0,0,0.00,0.00,0.00,0,0,0.00,0.00,0,0
1598714471,total,1278024.00,1278142.00,2556166.00,1278142,1278024,1236.00,1237.00,2473.00,1237,1236,0.00,0.00,0,0
1598714472,s5,0.00,0.00,0.00,0,0,0.00,0.00,0.00,0,0,0.00,0.00,0,0
1598714472,s1,0.00,0.00,0.00,0,0,0.00,0.00,0.00,0,0,0.00,0.00,0,0
1598714472,eth0,0.00,118.00,118.00,118,0,0.00,1.00,1.00,1,0,0.00,0.00,0,0
1598714472,eth1,0.00,0.00,0.00,0,0,0.00,0.00,0.00,0,0,0.00,0.00,0,0
1598714472,s2,0.00,0.00,0.00,0,0,0.00,0.00,0.00,0,0,0.00,0.00,0,0
1598714472,s1-eth2,30414.00,1242994.00,1273408.00,1242994,30414,411.00,821.00,1232.00,821,411,0.00,0.00,0,0
1598714472,s1-eth1,1242994.00,30414.00,1273408.00,30414,1242994,821.00,411.00,1232.00,411,821,0.00,0.00,0,0
1598714472,s3,0.00,0.00,0.00,0,0,0.00,0.00,0.00,0,0,0.00,0.00,0,0
1598714472,lo,688.00,688.00,1376.00,688,688,12.00,12.00,24.00,12,12,0.00,0.00,0,0
1598714472,s4,0.00,0.00,0.00,0,0,0.00,0.00,0.00,0,0,0.00,0.00,0,0
1598714472,total,1274096.00,1274214.00,2548310.00,1274214,1274096,1244.00,1245.00,2489.00,1245,1244,0.00,0.00,0,0
1598714473,s5,0.00,0.00,0.00,0,0,0.00,0.00,0.00,0,0,0.00,0.00,0,0
1598714473,s1,0.00,0.00,0.00,0,0,0.00,0.00,0.00,0,0,0.00,0.00,0,0
1598714473,eth0,0.00,118.00,118.00,118,0,0.00,1.00,1.00,1,0,0.00,0.00,0,0
1598714473,eth1,0.00,0.00,0.00,0,0,0.00,0.00,0.00,0,0,0.00,0.00,0,0
1598714473,s2,0.00,0.00,0.00,0,0,0.00,0.00,0.00,0,0,0.00,0.00,0,0
1598714473,s1-eth2,30595.00,1250564.00,1281159.00,1250564,30595,413.00,826.00,1239.00,826,413,0.00,0.00,0,0
1598714473,s1-eth1,1250671.00,30562.00,1281233.00,30562,1250671,827.00,413.00,1240.00,413,827,0.00,0.00,0,0
1598714473,s3,0.00,0.00,0.00,0,0,0.00,0.00,0.00,0,0,0.00,0.00,0,0
1598714473,lo,0.00,0.00,0.00,0,0,0.00,0.00,0.00,0,0,0.00,0.00,0,0
1598714473,s4,0.00,0.00,0.00,0,0,0.00,0.00,0.00,0,0,0.00,0.00,0,0
1598714473,total,1281266.00,1281244.00,2562510.00,1281244,1281266,1240.00,1240.00,2480.00,1240,1240,0.00,0.00,0,0
1598714474,s5,0.00,0.00,0.00,0,0,0.00,0.00,0.00,0,0,0.00,0.00,0,0
1598714474,s1,0.00,0.00,0.00,0,0,0.00,0.00,0.00,0,0,0.00,0.00,0,0
1598714474,eth0,0.00,178.00,178.00,178,0,0.00,2.00,2.00,2,0,0.00,0.00,0,0
1598714474,eth1,0.00,0.00,0.00,0,0,0.00,0.00,0.00,0,0,0.00,0.00,0,0
1598714474,s2,0.00,0.00,0.00,0,0,0.00,0.00,0.00,0,0,0.00,0.00,0,0
1598714474,s1-eth2,30562.00,1250564.00,1281126.00,1250564,30562,413.00,826.00,1239.00,826,413,0.00,0.00,0,0
1598714474,s1-eth1,1250564.00,30562.00,1281126.00,30562,1250564,826.00,413.00,1239.00,413,826,0.00,0.00,0,0
1598714474,s3,0.00,0.00,0.00,0,0,0.00,0.00,0.00,0,0,0.00,0.00,0,0
1598714474,lo,0.00,0.00,0.00,0,0,0.00,0.00,0.00,0,0,0.00,0.00,0,0
1598714474,s4,0.00,0.00,0.00,0,0,0.00,0.00,0.00,0,0,0.00,0.00,0,0
1598714474,total,1281126.00,1281304.00,2562430.00,1281304,1281126,1239.00,1241.00,2480.00,1241,1239,0.00,0.00,0,0
1598714475,s5,0.00,0.00,0.00,0,0,0.00,0.00,0.00,0,0,0.00,0.00,0,0
1598714475,s1,0.00,0.00,0.00,0,0,0.00,0.00,0.00,0,0,0.00,0.00,0,0
1598714475,eth0,0.00,118.00,118.00,118,0,0.00,1.00,1.00,1,0,0.00,0.00,0,0
1598714475,eth1,0.00,0.00,0.00,0,0,0.00,0.00,0.00,0,0,0.00,0.00,0,0
1598714475,s2,0.00,0.00,0.00,0,0,0.00,0.00,0.00,0,0,0.00,0.00,0,0
1598714475,s1-eth2,30562.00,1250564.00,1281126.00,1250564,30562,413.00,826.00,1239.00,826,413,0.00,0.00,0,0
1598714475,s1-eth1,1250564.00,30562.00,1281126.00,30562,1250564,826.00,413.00,1239.00,413,826,0.00,0.00,0,0
1598714475,s3,0.00,0.00,0.00,0,0,0.00,0.00,0.00,0,0,0.00,0.00,0,0
1598714475,lo,172.00,172.00,344.00,172,172,3.00,3.00,6.00,3,3,0.00,0.00,0,0
1598714475,s4,0.00,0.00,0.00,0,0,0.00,0.00,0.00,0,0,0.00,0.00,0,0
1598714475,total,1281298.00,1281416.00,2562714.00,1281416,1281298,1242.00,1243.00,2485.00,1243,1242,0.00,0.00,0,0
1598714476,s5,0.00,0.00,0.00,0,0,0.00,0.00,0.00,0,0,0.00,0.00,0,0
1598714476,s1,0.00,0.00,0.00,0,0,0.00,0.00,0.00,0,0,0.00,0.00,0,0
1598714476,eth0,0.00,118.00,118.00,118,0,0.00,1.00,1.00,1,0,0.00,0.00,0,0
1598714476,eth1,0.00,0.00,0.00,0,0,0.00,0.00,0.00,0,0,0.00,0.00,0,0
1598714476,s2,0.00,0.00,0.00,0,0,0.00,0.00,0.00,0,0,0.00,0.00,0,0
1598714476,s1-eth2,30830.00,1249050.00,1279880.00,1249050,30830,413.00,825.00,1238.00,825,413,0.00,0.00,0,0
1598714476,s1-eth1,1249050.00,30488.00,1279538.00,30488,1249050,825.00,412.00,1237.00,412,825,0.00,0.00,0,0
1598714476,s3,0.00,0.00,0.00,0,0,0.00,0.00,0.00,0,0,0.00,0.00,0,0
1598714476,lo,0.00,0.00,0.00,0,0,0.00,0.00,0.00,0,0,0.00,0.00,0,0
1598714476,s4,0.00,0.00,0.00,0,0,0.00,0.00,0.00,0,0,0.00,0.00,0,0
1598714476,total,1279880.00,1279656.00,2559536.00,1279656,1279880,1238.00,1238.00,2476.00,1238,1238,0.00,0.00,0,0
1598714477,s5,0.00,0.00,0.00,0,0,0.00,0.00,0.00,0,0,0.00,0.00,0,0
1598714477,s1,0.00,0.00,0.00,0,0,0.00,0.00,0.00,0,0,0.00,0.00,0,0
1598714477,eth0,0.00,117.88,117.88,118,0,0.00,1.00,1.00,1,0,0.00,0.00,0,0
1598714477,eth1,0.00,0.00,0.00,0,0,0.00,0.00,0.00,0,0,0.00,0.00,0,0
1598714477,s2,0.00,0.00,0.00,0,0,0.00,0.00,0.00,0,0,0.00,0.00,0,0
1598714477,s1-eth2,30309.69,1238727.25,1269037.00,1239966,30340,409.59,818.18,1227.77,819,410,0.00,0.00,0,0
1598714477,s1-eth1,1238727.25,30309.69,1269037.00,30340,1239966,818.18,409.59,1227.77,410,819,0.00,0.00,0,0
1598714477,s3,0.00,0.00,0.00,0,0,0.00,0.00,0.00,0,0,0.00,0.00,0,0
1598714477,lo,687.31,687.31,1374.63,688,688,11.99,11.99,23.98,12,12,0.00,0.00,0,0
1598714477,s4,0.00,0.00,0.00,0,0,0.00,0.00,0.00,0,0,0.00,0.00,0,0
1598714477,total,1269724.25,1269842.25,2539566.50,1271112,1270994,1239.76,1240.76,2480.52,1242,1241,0.00,0.00,0,0
1598714478,s5,0.00,0.00,0.00,0,0,0.00,0.00,0.00,0,0,0.00,0.00,0,0
1598714478,s1,0.00,0.00,0.00,0,0,0.00,0.00,0.00,0,0,0.00,0.00,0,0
1598714478,eth0,0.00,118.00,118.00,118,0,0.00,1.00,1.00,1,0,0.00,0.00,0,0
1598714478,eth1,0.00,0.00,0.00,0,0,0.00,0.00,0.00,0,0,0.00,0.00,0,0
1598714478,s2,0.00,0.00,0.00,0,0,0.00,0.00,0.00,0,0,0.00,0.00,0,0
1598714478,s1-eth2,30414.00,1244508.00,1274922.00,1244508,30414,411.00,822.00,1233.00,822,411,0.00,0.00,0,0
1598714478,s1-eth1,1242994.00,30414.00,1273408.00,30414,1242994,821.00,411.00,1232.00,411,821,0.00,0.00,0,0
1598714478,s3,0.00,0.00,0.00,0,0,0.00,0.00,0.00,0,0,0.00,0.00,0,0
1598714478,lo,0.00,0.00,0.00,0,0,0.00,0.00,0.00,0,0,0.00,0.00,0,0
1598714478,s4,0.00,0.00,0.00,0,0,0.00,0.00,0.00,0,0,0.00,0.00,0,0
1598714478,total,1273408.00,1275040.00,2548448.00,1275040,1273408,1232.00,1234.00,2466.00,1234,1232,0.00,0.00,0,0
1598714479,s5,0.00,0.00,0.00,0,0,0.00,0.00,0.00,0,0,0.00,0.00,0,0
1598714479,s1,0.00,0.00,0.00,0,0,0.00,0.00,0.00,0,0,0.00,0.00,0,0
1598714479,eth0,0.00,118.00,118.00,118,0,0.00,1.00,1.00,1,0,0.00,0.00,0,0
1598714479,eth1,0.00,0.00,0.00,0,0,0.00,0.00,0.00,0,0,0.00,0.00,0,0
1598714479,s2,0.00,0.00,0.00,0,0,0.00,0.00,0.00,0,0,0.00,0.00,0,0
1598714479,s1-eth2,30488.00,1249050.00,1279538.00,1249050,30488,412.00,825.00,1237.00,825,412,0.00,0.00,0,0
1598714479,s1-eth1,1249050.00,30488.00,1279538.00,30488,1249050,825.00,412.00,1237.00,412,825,0.00,0.00,0,0
1598714479,s3,0.00,0.00,0.00,0,0,0.00,0.00,0.00,0,0,0.00,0.00,0,0
1598714479,lo,0.00,0.00,0.00,0,0,0.00,0.00,0.00,0,0,0.00,0.00,0,0
1598714479,s4,0.00,0.00,0.00,0,0,0.00,0.00,0.00,0,0,0.00,0.00,0,0
1598714479,total,1279538.00,1279656.00,2559194.00,1279656,1279538,1237.00,1238.00,2475.00,1238,1237,0.00,0.00,0,0
1598714480,s5,0.00,0.00,0.00,0,0,0.00,0.00,0.00,0,0,0.00,0.00,0,0
1598714480,s1,0.00,0.00,0.00,0,0,0.00,0.00,0.00,0,0,0.00,0.00,0,0
1598714480,eth0,0.00,117.88,117.88,118,0,0.00,1.00,1.00,1,0,0.00,0.00,0,0
1598714480,eth1,0.00,0.00,0.00,0,0,0.00,0.00,0.00,0,0,0.00,0.00,0,0
1598714480,s2,0.00,0.00,0.00,0,0,0.00,0.00,0.00,0,0,0.00,0.00,0,0
1598714480,s1-eth2,30605.39,1249314.75,1279920.12,1250564,30636,413.59,825.17,1238.76,826,414,0.00,0.00,0,0
1598714480,s1-eth1,1249314.75,30531.47,1279846.25,30562,1250564,825.17,412.59,1237.76,413,826,0.00,0.00,0,0
1598714480,s3,0.00,0.00,0.00,0,0,0.00,0.00,0.00,0,0,0.00,0.00,0,0
1598714480,lo,171.83,171.83,343.66,172,172,3.00,3.00,5.99,3,3,0.00,0.00,0,0
1598714480,s4,0.00,0.00,0.00,0,0,0.00,0.00,0.00,0,0,0.00,0.00,0,0
1598714480,total,1280092.00,1280135.88,2560227.75,1281416,1281372,1241.76,1241.76,2483.52,1243,1243,0.00,0.00,0,0
1598714481,s5,0.00,0.00,0.00,0,0,0.00,0.00,0.00,0,0,0.00,0.00,0,0
1598714481,s1,0.00,0.00,0.00,0,0,0.00,0.00,0.00,0,0,0.00,0.00,0,0
1598714481,eth0,0.00,118.00,118.00,118,0,0.00,1.00,1.00,1,0,0.00,0.00,0,0
1598714481,eth1,0.00,0.00,0.00,0,0,0.00,0.00,0.00,0,0,0.00,0.00,0,0
1598714481,s2,0.00,0.00,0.00,0,0,0.00,0.00,0.00,0,0,0.00,0.00,0,0
1598714481,s1-eth2,30488.00,1249050.00,1279538.00,1249050,30488,412.00,825.00,1237.00,825,412,0.00,0.00,0,0
1598714481,s1-eth1,1249050.00,30562.00,1279612.00,30562,1249050,825.00,413.00,1238.00,413,825,0.00,0.00,0,0
1598714481,s3,0.00,0.00,0.00,0,0,0.00,0.00,0.00,0,0,0.00,0.00,0,0
1598714481,lo,0.00,0.00,0.00,0,0,0.00,0.00,0.00,0,0,0.00,0.00,0,0
1598714481,s4,0.00,0.00,0.00,0,0,0.00,0.00,0.00,0,0,0.00,0.00,0,0
1598714481,total,1279538.00,1279730.00,2559268.00,1279730,1279538,1237.00,1239.00,2476.00,1239,1237,0.00,0.00,0,0
1598714482,s5,0.00,0.00,0.00,0,0,0.00,0.00,0.00,0,0,0.00,0.00,0,0
1598714482,s1,0.00,0.00,0.00,0,0,0.00,0.00,0.00,0,0,0.00,0.00,0,0
1598714482,eth0,0.00,118.00,118.00,118,0,0.00,1.00,1.00,1,0,0.00,0.00,0,0
1598714482,eth1,0.00,0.00,0.00,0,0,0.00,0.00,0.00,0,0,0.00,0.00,0,0
1598714482,s2,0.00,0.00,0.00,0,0,0.00,0.00,0.00,0,0,0.00,0.00,0,0
1598714482,s1-eth2,30488.00,1247536.00,1278024.00,1247536,30488,412.00,824.00,1236.00,824,412,0.00,0.00,0,0
1598714482,s1-eth1,1247536.00,30488.00,1278024.00,30488,1247536,824.00,412.00,1236.00,412,824,0.00,0.00,0,0
1598714482,s3,0.00,0.00,0.00,0,0,0.00,0.00,0.00,0,0,0.00,0.00,0,0
1598714482,lo,688.00,688.00,1376.00,688,688,12.00,12.00,24.00,12,12,0.00,0.00,0,0
1598714482,s4,0.00,0.00,0.00,0,0,0.00,0.00,0.00,0,0,0.00,0.00,0,0
1598714482,total,1278712.00,1278830.00,2557542.00,1278830,1278712,1248.00,1249.00,2497.00,1249,1248,0.00,0.00,0,0
1598714483,s5,0.00,0.00,0.00,0,0,0.00,0.00,0.00,0,0,0.00,0.00,0,0
1598714483,s1,0.00,0.00,0.00,0,0,0.00,0.00,0.00,0,0,0.00,0.00,0,0
1598714483,eth0,0.00,118.00,118.00,118,0,0.00,1.00,1.00,1,0,0.00,0.00,0,0
1598714483,eth1,0.00,0.00,0.00,0,0,0.00,0.00,0.00,0,0,0.00,0.00,0,0
1598714483,s2,0.00,0.00,0.00,0,0,0.00,0.00,0.00,0,0,0.00,0.00,0,0
1598714483,s1-eth2,30562.00,1249050.00,1279612.00,1249050,30562,413.00,825.00,1238.00,825,413,0.00,0.00,0,0
1598714483,s1-eth1,1250564.00,30562.00,1281126.00,30562,1250564,826.00,413.00,1239.00,413,826,0.00,0.00,0,0
1598714483,s3,0.00,0.00,0.00,0,0,0.00,0.00,0.00,0,0,0.00,0.00,0,0
1598714483,lo,0.00,0.00,0.00,0,0,0.00,0.00,0.00,0,0,0.00,0.00,0,0
1598714483,s4,0.00,0.00,0.00,0,0,0.00,0.00,0.00,0,0,0.00,0.00,0,0
1598714483,total,1281126.00,1279730.00,2560856.00,1279730,1281126,1239.00,1239.00,2478.00,1239,1239,0.00,0.00,0,0
1598714484,s5,0.00,0.00,0.00,0,0,0.00,0.00,0.00,0,0,0.00,0.00,0,0
1598714484,s1,0.00,0.00,0.00,0,0,0.00,0.00,0.00,0,0,0.00,0.00,0,0
1598714484,eth0,0.00,178.00,178.00,178,0,0.00,2.00,2.00,2,0,0.00,0.00,0,0
1598714484,eth1,0.00,0.00,0.00,0,0,0.00,0.00,0.00,0,0,0.00,0.00,0,0
1598714484,s2,0.00,0.00,0.00,0,0,0.00,0.00,0.00,0,0,0.00,0.00,0,0
1598714484,s1-eth2,30530.00,1249092.00,1279622.00,1249092,30530,413.00,826.00,1239.00,826,413,0.00,0.00,0,0
1598714484,s1-eth1,1247578.00,30530.00,1278108.00,30530,1247578,825.00,413.00,1238.00,413,825,0.00,0.00,0,0
1598714484,s3,0.00,0.00,0.00,0,0,0.00,0.00,0.00,0,0,0.00,0.00,0,0
1598714484,lo,296.00,296.00,592.00,296,296,3.00,3.00,6.00,3,3,0.00,0.00,0,0
1598714484,s4,0.00,0.00,0.00,0,0,0.00,0.00,0.00,0,0,0.00,0.00,0,0
1598714484,total,1278404.00,1280096.00,2558500.00,1280096,1278404,1241.00,1244.00,2485.00,1244,1241,0.00,0.00,0,0
1598714485,s5,0.00,0.00,0.00,0,0,0.00,0.00,0.00,0,0,0.00,0.00,0,0
1598714485,s1,0.00,0.00,0.00,0,0,0.00,0.00,0.00,0,0,0.00,0.00,0,0
1598714485,eth0,0.00,118.00,118.00,118,0,0.00,1.00,1.00,1,0,0.00,0.00,0,0
1598714485,eth1,0.00,0.00,0.00,0,0,0.00,0.00,0.00,0,0,0.00,0.00,0,0
1598714485,s2,0.00,0.00,0.00,0,0,0.00,0.00,0.00,0,0,0.00,0.00,0,0
1598714485,s1-eth2,30279.44,1239002.00,1269281.50,1241480,30340,409.18,818.36,1227.54,820,410,0.00,0.00,0,0
1598714485,s1-eth1,1239002.00,30279.44,1269281.50,30340,1241480,818.36,409.18,1227.54,410,820,0.00,0.00,0,0
1598714485,s3,0.00,0.00,0.00,0,0,0.00,0.00,0.00,0,0,0.00,0.00,0,0
1598714485,lo,0.00,0.00,0.00,0,0,0.00,0.00,0.00,0,0,0.00,0.00,0,0
1598714485,s4,0.00,0.00,0.00,0,0,0.00,0.00,0.00,0,0,0.00,0.00,0,0
1598714485,total,1269281.50,1269399.25,2538680.75,1271938,1271820,1227.54,1228.54,2456.09,1231,1230,0.00,0.00,0,0
1598714486,s5,0.00,0.00,0.00,0,0,0.00,0.00,0.00,0,0,0.00,0.00,0,0
1598714486,s1,0.00,0.00,0.00,0,0,0.00,0.00,0.00,0,0,0.00,0.00,0,0
1598714486,eth0,0.00,117.88,117.88,118,0,0.00,1.00,1.00,1,0,0.00,0.00,0,0
1598714486,eth1,0.00,0.00,0.00,0,0,0.00,0.00,0.00,0,0,0.00,0.00,0,0
1598714486,s2,0.00,0.00,0.00,0,0,0.00,0.00,0.00,0,0,0.00,0.00,0,0
1598714486,s1-eth2,30414.00,1242994.00,1273408.00,1242994,30414,411.00,821.00,1232.00,821,411,0.00,0.00,0,0
1598714486,s1-eth1,1242994.00,30340.00,1273334.00,30340,1242994,821.00,410.00,1231.00,410,821,0.00,0.00,0,0
1598714486,s3,0.00,0.00,0.00,0,0,0.00,0.00,0.00,0,0,0.00,0.00,0,0
1598714486,lo,0.00,0.00,0.00,0,0,0.00,0.00,0.00,0,0,0.00,0.00,0,0
1598714486,s4,0.00,0.00,0.00,0,0,0.00,0.00,0.00,0,0,0.00,0.00,0,0
1598714486,total,1273408.00,1273452.00,2546860.00,1273452,1273408,1232.00,1232.00,2464.00,1232,1232,0.00,0.00,0,0
1598714487,s5,0.00,0.00,0.00,0,0,0.00,0.00,0.00,0,0,0.00,0.00,0,0
1598714487,s1,0.00,0.00,0.00,0,0,0.00,0.00,0.00,0,0,0.00,0.00,0,0
1598714487,eth0,400.00,736.00,1136.00,736,400,5.00,6.00,11.00,6,5,0.00,0.00,0,0
1598714487,eth1,0.00,0.00,0.00,0,0,0.00,0.00,0.00,0,0,0.00,0.00,0,0
1598714487,s2,0.00,0.00,0.00,0,0,0.00,0.00,0.00,0,0,0.00,0.00,0,0
1598714487,s1-eth2,30562.00,1250564.00,1281126.00,1250564,30562,413.00,826.00,1239.00,826,413,0.00,0.00,0,0
1598714487,s1-eth1,1250564.00,30562.00,1281126.00,30562,1250564,826.00,413.00,1239.00,413,826,0.00,0.00,0,0
1598714487,s3,0.00,0.00,0.00,0,0,0.00,0.00,0.00,0,0,0.00,0.00,0,0
1598714487,lo,1370.00,1370.00,2740.00,1370,1370,20.00,20.00,40.00,20,20,0.00,0.00,0,0
1598714487,s4,0.00,0.00,0.00,0,0,0.00,0.00,0.00,0,0,0.00,0.00,0,0
1598714487,total,1282896.00,1283232.00,2566128.00,1283232,1282896,1264.00,1265.00,2529.00,1265,1264,0.00,0.00,0,0
1598714488,s5,0.00,0.00,0.00,0,0,0.00,0.00,0.00,0,0,0.00,0.00,0,0
1598714488,s1,0.00,0.00,0.00,0,0,0.00,0.00,0.00,0,0,0.00,0.00,0,0
1598714488,eth0,152.00,363.00,515.00,363,152,2.00,3.00,5.00,3,2,0.00,0.00,0,0
1598714488,eth1,0.00,0.00,0.00,0,0,0.00,0.00,0.00,0,0,0.00,0.00,0,0
1598714488,s2,0.00,0.00,0.00,0,0,0.00,0.00,0.00,0,0,0.00,0.00,0,0
1598714488,s1-eth2,30414.00,1246022.00,1276436.00,1246022,30414,411.00,823.00,1234.00,823,411,0.00,0.00,0,0
1598714488,s1-eth1,1246022.00,30488.00,1276510.00,30488,1246022,823.00,412.00,1235.00,412,823,0.00,0.00,0,0
1598714488,s3,0.00,0.00,0.00,0,0,0.00,0.00,0.00,0,0,0.00,0.00,0,0
1598714488,lo,513.00,513.00,1026.00,513,513,7.00,7.00,14.00,7,7,0.00,0.00,0,0
1598714488,s4,0.00,0.00,0.00,0,0,0.00,0.00,0.00,0,0,0.00,0.00,0,0
1598714488,total,1277101.00,1277386.00,2554487.00,1277386,1277101,1243.00,1245.00,2488.00,1245,1243,0.00,0.00,0,0
1598714489,s5,0.00,0.00,0.00,0,0,0.00,0.00,0.00,0,0,0.00,0.00,0,0
1598714489,s1,0.00,0.00,0.00,0,0,0.00,0.00,0.00,0,0,0.00,0.00,0,0
1598714489,eth0,0.00,118.00,118.00,118,0,0.00,1.00,1.00,1,0,0.00,0.00,0,0
1598714489,eth1,0.00,0.00,0.00,0,0,0.00,0.00,0.00,0,0,0.00,0.00,0,0
1598714489,s2,0.00,0.00,0.00,0,0,0.00,0.00,0.00,0,0,0.00,0.00,0,0
1598714489,s1-eth2,30669.00,1250564.00,1281233.00,1250564,30669,414.00,826.00,1240.00,826,414,0.00,0.00,0,0
1598714489,s1-eth1,1250671.00,30562.00,1281233.00,30562,1250671,827.00,413.00,1240.00,413,827,0.00,0.00,0,0
1598714489,s3,0.00,0.00,0.00,0,0,0.00,0.00,0.00,0,0,0.00,0.00,0,0
1598714489,lo,0.00,0.00,0.00,0,0,0.00,0.00,0.00,0,0,0.00,0.00,0,0
1598714489,s4,0.00,0.00,0.00,0,0,0.00,0.00,0.00,0,0,0.00,0.00,0,0
1598714489,total,1281340.00,1281244.00,2562584.00,1281244,1281340,1241.00,1240.00,2481.00,1240,1241,0.00,0.00,0,0
1598714490,s5,0.00,0.00,0.00,0,0,0.00,0.00,0.00,0,0,0.00,0.00,0,0
1598714490,s1,0.00,0.00,0.00,0,0,0.00,0.00,0.00,0,0,0.00,0.00,0,0
1598714490,eth0,0.00,117.53,117.53,118,0,0.00,1.00,1.00,1,0,0.00,0.00,0,0
1598714490,eth1,0.00,0.00,0.00,0,0,0.00,0.00,0.00,0,0,0.00,0.00,0,0
1598714490,s2,0.00,0.00,0.00,0,0,0.00,0.00,0.00,0,0,0.00,0.00,0,0
1598714490,s1-eth2,30292.83,1242565.75,1272858.62,1247536,30414,409.36,820.72,1230.08,824,411,0.00,0.00,0,0
1598714490,s1-eth1,1241398.50,30292.83,1271691.25,30414,1246364,820.72,409.36,1230.08,411,824,0.00,0.00,0,0
1598714490,s3,0.00,0.00,0.00,0,0,0.00,0.00,0.00,0,0,0.00,0.00,0,0
1598714490,lo,0.00,0.00,0.00,0,0,0.00,0.00,0.00,0,0,0.00,0.00,0,0
1598714490,s4,0.00,0.00,0.00,0,0,0.00,0.00,0.00,0,0,0.00,0.00,0,0
1598714490,total,1271691.25,1272976.12,2544667.50,1278068,1276778,1230.08,1231.08,2461.16,1236,1235,0.00,0.00,0,0
1598714491,s5,0.00,0.00,0.00,0,0,0.00,0.00,0.00,0,0,0.00,0.00,0,0
1598714491,s1,0.00,0.00,0.00,0,0,0.00,0.00,0.00,0,0,0.00,0.00,0,0
1598714491,eth0,0.00,117.76,117.76,118,0,0.00,1.00,1.00,1,0,0.00,0.00,0,0
1598714491,eth1,0.00,0.00,0.00,0,0,0.00,0.00,0.00,0,0,0.00,0.00,0,0
1598714491,s2,0.00,0.00,0.00,0,0,0.00,0.00,0.00,0,0,0.00,0.00,0,0
1598714491,s1-eth2,30620.76,1237491.00,1268111.75,1239966,30682,410.18,817.37,1227.54,819,411,0.00,0.00,0,0
1598714491,s1-eth1,1239002.00,30279.44,1269281.50,30340,1241480,818.36,409.18,1227.54,410,820,0.00,0.00,0,0
1598714491,s3,0.00,0.00,0.00,0,0,0.00,0.00,0.00,0,0,0.00,0.00,0,0
1598714491,lo,0.00,0.00,0.00,0,0,0.00,0.00,0.00,0,0,0.00,0.00,0,0
1598714491,s4,0.00,0.00,0.00,0,0,0.00,0.00,0.00,0,0,0.00,0.00,0,0
1598714491,total,1269622.75,1267888.25,2537511.00,1270424,1272162,1228.54,1227.54,2456.09,1230,1231,0.00,0.00,0,0
1598714492,s5,0.00,0.00,0.00,0,0,0.00,0.00,0.00,0,0,0.00,0.00,0,0
1598714492,s1,0.00,0.00,0.00,0,0,0.00,0.00,0.00,0,0,0.00,0.00,0,0
1598714492,eth0,60.00,178.00,238.00,178,60,1.00,2.00,3.00,2,1,0.00,0.00,0,0
1598714492,eth1,0.00,0.00,0.00,0,0,0.00,0.00,0.00,0,0,0.00,0.00,0,0
1598714492,s2,0.00,0.00,0.00,0,0,0.00,0.00,0.00,0,0,0.00,0.00,0,0
1598714492,s1-eth2,30562.00,1249050.00,1279612.00,1249050,30562,413.00,825.00,1238.00,825,413,0.00,0.00,0,0
1598714492,s1-eth1,1247536.00,30488.00,1278024.00,30488,1247536,824.00,412.00,1236.00,412,824,0.00,0.00,0,0
1598714492,s3,0.00,0.00,0.00,0,0,0.00,0.00,0.00,0,0,0.00,0.00,0,0
1598714492,lo,688.00,688.00,1376.00,688,688,12.00,12.00,24.00,12,12,0.00,0.00,0,0
1598714492,s4,0.00,0.00,0.00,0,0,0.00,0.00,0.00,0,0,0.00,0.00,0,0
1598714492,total,1278846.00,1280404.00,2559250.00,1280404,1278846,1250.00,1251.00,2501.00,1251,1250,0.00,0.00,0,0
1598714493,s5,0.00,0.00,0.00,0,0,0.00,0.00,0.00,0,0,0.00,0.00,0,0
1598714493,s1,0.00,0.00,0.00,0,0,0.00,0.00,0.00,0,0,0.00,0.00,0,0
1598714493,eth0,0.00,118.00,118.00,118,0,0.00,1.00,1.00,1,0,0.00,0.00,0,0
1598714493,eth1,0.00,0.00,0.00,0,0,0.00,0.00,0.00,0,0,0.00,0.00,0,0
1598714493,s2,0.00,0.00,0.00,0,0,0.00,0.00,0.00,0,0,0.00,0.00,0,0
1598714493,s1-eth2,30488.00,1249050.00,1279538.00,1249050,30488,412.00,825.00,1237.00,825,412,0.00,0.00,0,0
1598714493,s1-eth1,1249050.00,30562.00,1279612.00,30562,1249050,825.00,413.00,1238.00,413,825,0.00,0.00,0,0
1598714493,s3,0.00,0.00,0.00,0,0,0.00,0.00,0.00,0,0,0.00,0.00,0,0
1598714493,lo,172.00,172.00,344.00,172,172,3.00,3.00,6.00,3,3,0.00,0.00,0,0
1598714493,s4,0.00,0.00,0.00,0,0,0.00,0.00,0.00,0,0,0.00,0.00,0,0
1598714493,total,1279710.00,1279902.00,2559612.00,1279902,1279710,1240.00,1242.00,2482.00,1242,1240,0.00,0.00,0,0
1598714494,s5,0.00,0.00,0.00,0,0,0.00,0.00,0.00,0,0,0.00,0.00,0,0
1598714494,s1,0.00,0.00,0.00,0,0,0.00,0.00,0.00,0,0,0.00,0.00,0,0
1598714494,eth0,0.00,178.00,178.00,178,0,0.00,2.00,2.00,2,0,0.00,0.00,0,0
1598714494,eth1,0.00,0.00,0.00,0,0,0.00,0.00,0.00,0,0,0.00,0.00,0,0
1598714494,s2,0.00,0.00,0.00,0,0,0.00,0.00,0.00,0,0,0.00,0.00,0,0
1598714494,s1-eth2,30488.00,1244508.00,1274996.00,1244508,30488,412.00,822.00,1234.00,822,412,0.00,0.00,0,0
1598714494,s1-eth1,1246022.00,30414.00,1276436.00,30414,1246022,823.00,411.00,1234.00,411,823,0.00,0.00,0,0
1598714494,s3,0.00,0.00,0.00,0,0,0.00,0.00,0.00,0,0,0.00,0.00,0,0
1598714494,lo,0.00,0.00,0.00,0,0,0.00,0.00,0.00,0,0,0.00,0.00,0,0
1598714494,s4,0.00,0.00,0.00,0,0,0.00,0.00,0.00,0,0,0.00,0.00,0,0
1598714494,total,1276510.00,1275100.00,2551610.00,1275100,1276510,1235.00,1235.00,2470.00,1235,1235,0.00,0.00,0,0
1598714495,s5,0.00,0.00,0.00,0,0,0.00,0.00,0.00,0,0,0.00,0.00,0,0
1598714495,s1,0.00,0.00,0.00,0,0,0.00,0.00,0.00,0,0,0.00,0.00,0,0
1598714495,eth0,0.00,118.00,118.00,118,0,0.00,1.00,1.00,1,0,0.00,0.00,0,0
1598714495,eth1,0.00,0.00,0.00,0,0,0.00,0.00,0.00,0,0,0.00,0.00,0,0
1598714495,s2,0.00,0.00,0.00,0,0,0.00,0.00,0.00,0,0,0.00,0.00,0,0
1598714495,s1-eth2,30488.00,1247536.00,1278024.00,1247536,30488,412.00,824.00,1236.00,824,412,0.00,0.00,0,0
1598714495,s1-eth1,1247536.00,30488.00,1278024.00,30488,1247536,824.00,412.00,1236.00,412,824,0.00,0.00,0,0
1598714495,s3,0.00,0.00,0.00,0,0,0.00,0.00,0.00,0,0,0.00,0.00,0,0
1598714495,lo,0.00,0.00,0.00,0,0,0.00,0.00,0.00,0,0,0.00,0.00,0,0
1598714495,s4,0.00,0.00,0.00,0,0,0.00,0.00,0.00,0,0,0.00,0.00,0,0
1598714495,total,1278024.00,1278142.00,2556166.00,1278142,1278024,1236.00,1237.00,2473.00,1237,1236,0.00,0.00,0,0
1598714496,s5,0.00,0.00,0.00,0,0,0.00,0.00,0.00,0,0,0.00,0.00,0,0
1598714496,s1,0.00,0.00,0.00,0,0,0.00,0.00,0.00,0,0,0.00,0.00,0,0
1598714496,eth0,0.00,118.00,118.00,118,0,0.00,1.00,1.00,1,0,0.00,0.00,0,0
1598714496,eth1,0.00,0.00,0.00,0,0,0.00,0.00,0.00,0,0,0.00,0.00,0,0
1598714496,s2,0.00,0.00,0.00,0,0,0.00,0.00,0.00,0,0,0.00,0.00,0,0
1598714496,s1-eth2,30414.00,1246022.00,1276436.00,1246022,30414,411.00,823.00,1234.00,823,411,0.00,0.00,0,0
1598714496,s1-eth1,1246022.00,30414.00,1276436.00,30414,1246022,823.00,411.00,1234.00,411,823,0.00,0.00,0,0
1598714496,s3,0.00,0.00,0.00,0,0,0.00,0.00,0.00,0,0,0.00,0.00,0,0
1598714496,lo,0.00,0.00,0.00,0,0,0.00,0.00,0.00,0,0,0.00,0.00,0,0
1598714496,s4,0.00,0.00,0.00,0,0,0.00,0.00,0.00,0,0,0.00,0.00,0,0
1598714496,total,1276436.00,1276554.00,2552990.00,1276554,1276436,1234.00,1235.00,2469.00,1235,1234,0.00,0.00,0,0
1598714497,s5,0.00,0.00,0.00,0,0,0.00,0.00,0.00,0,0,0.00,0.00,0,0
1598714497,s1,0.00,0.00,0.00,0,0,0.00,0.00,0.00,0,0,0.00,0.00,0,0
1598714497,eth0,0.00,118.00,118.00,118,0,0.00,1.00,1.00,1,0,0.00,0.00,0,0
1598714497,eth1,0.00,0.00,0.00,0,0,0.00,0.00,0.00,0,0,0.00,0.00,0,0
1598714497,s2,0.00,0.00,0.00,0,0,0.00,0.00,0.00,0,0,0.00,0.00,0,0
1598714497,s1-eth2,30562.00,1249050.00,1279612.00,1249050,30562,413.00,825.00,1238.00,825,413,0.00,0.00,0,0
1598714497,s1-eth1,1249050.00,30562.00,1279612.00,30562,1249050,825.00,413.00,1238.00,413,825,0.00,0.00,0,0
1598714497,s3,0.00,0.00,0.00,0,0,0.00,0.00,0.00,0,0,0.00,0.00,0,0
1598714497,lo,688.00,688.00,1376.00,688,688,12.00,12.00,24.00,12,12,0.00,0.00,0,0
1598714497,s4,0.00,0.00,0.00,0,0,0.00,0.00,0.00,0,0,0.00,0.00,0,0
1598714497,total,1280300.00,1280418.00,2560718.00,1280418,1280300,1250.00,1251.00,2501.00,1251,1250,0.00,0.00,0,0
1598714498,s5,0.00,0.00,0.00,0,0,0.00,0.00,0.00,0,0,0.00,0.00,0,0
1598714498,s1,0.00,0.00,0.00,0,0,0.00,0.00,0.00,0,0,0.00,0.00,0,0
1598714498,eth0,0.00,118.00,118.00,118,0,0.00,1.00,1.00,1,0,0.00,0.00,0,0
1598714498,eth1,0.00,0.00,0.00,0,0,0.00,0.00,0.00,0,0,0.00,0.00,0,0
1598714498,s2,0.00,0.00,0.00,0,0,0.00,0.00,0.00,0,0,0.00,0.00,0,0
1598714498,s1-eth2,30488.00,1249050.00,1279538.00,1249050,30488,412.00,825.00,1237.00,825,412,0.00,0.00,0,0
1598714498,s1-eth1,1249050.00,30562.00,1279612.00,30562,1249050,825.00,413.00,1238.00,413,825,0.00,0.00,0,0
1598714498,s3,0.00,0.00,0.00,0,0,0.00,0.00,0.00,0,0,0.00,0.00,0,0
1598714498,lo,172.00,172.00,344.00,172,172,3.00,3.00,6.00,3,3,0.00,0.00,0,0
1598714498,s4,0.00,0.00,0.00,0,0,0.00,0.00,0.00,0,0,0.00,0.00,0,0
1598714498,total,1279710.00,1279902.00,2559612.00,1279902,1279710,1240.00,1242.00,2482.00,1242,1240,0.00,0.00,0,0
1598714499,s5,0.00,0.00,0.00,0,0,0.00,0.00,0.00,0,0,0.00,0.00,0,0
1598714499,s1,0.00,0.00,0.00,0,0,0.00,0.00,0.00,0,0,0.00,0.00,0,0
1598714499,eth0,0.00,118.00,118.00,118,0,0.00,1.00,1.00,1,0,0.00,0.00,0,0
1598714499,eth1,0.00,0.00,0.00,0,0,0.00,0.00,0.00,0,0,0.00,0.00,0,0
1598714499,s2,0.00,0.00,0.00,0,0,0.00,0.00,0.00,0,0,0.00,0.00,0,0
1598714499,s1-eth2,30636.00,1250564.00,1281200.00,1250564,30636,414.00,826.00,1240.00,826,414,0.00,0.00,0,0
1598714499,s1-eth1,1250564.00,30562.00,1281126.00,30562,1250564,826.00,413.00,1239.00,413,826,0.00,0.00,0,0
1598714499,s3,0.00,0.00,0.00,0,0,0.00,0.00,0.00,0,0,0.00,0.00,0,0
1598714499,lo,0.00,0.00,0.00,0,0,0.00,0.00,0.00,0,0,0.00,0.00,0,0
1598714499,s4,0.00,0.00,0.00,0,0,0.00,0.00,0.00,0,0,0.00,0.00,0,0
1598714499,total,1281200.00,1281244.00,2562444.00,1281244,1281200,1240.00,1240.00,2480.00,1240,1240,0.00,0.00,0,0
1598714500,s5,0.00,0.00,0.00,0,0,0.00,0.00,0.00,0,0,0.00,0.00,0,0
1598714500,s1,0.00,0.00,0.00,0,0,0.00,0.00,0.00,0,0,0.00,0.00,0,0
1598714500,eth0,0.00,118.00,118.00,118,0,0.00,1.00,1.00,1,0,0.00,0.00,0,0
1598714500,eth1,0.00,0.00,0.00,0,0,0.00,0.00,0.00,0,0,0.00,0.00,0,0
1598714500,s2,0.00,0.00,0.00,0,0,0.00,0.00,0.00,0,0,0.00,0.00,0,0
1598714500,s1-eth2,30488.00,1250564.00,1281052.00,1250564,30488,412.00,826.00,1238.00,826,412,0.00,0.00,0,0
1598714500,s1-eth1,1250564.00,30562.00,1281126.00,30562,1250564,826.00,413.00,1239.00,413,826,0.00,0.00,0,0
1598714500,s3,0.00,0.00,0.00,0,0,0.00,0.00,0.00,0,0,0.00,0.00,0,0
1598714500,lo,0.00,0.00,0.00,0,0,0.00,0.00,0.00,0,0,0.00,0.00,0,0
1598714500,s4,0.00,0.00,0.00,0,0,0.00,0.00,0.00,0,0,0.00,0.00,0,0
1598714500,total,1281052.00,1281244.00,2562296.00,1281244,1281052,1238.00,1240.00,2478.00,1240,1238,0.00,0.00,0,0
1598714501,s5,0.00,0.00,0.00,0,0,0.00,0.00,0.00,0,0,0.00,0.00,0,0
1598714501,s1,0.00,0.00,0.00,0,0,0.00,0.00,0.00,0,0,0.00,0.00,0,0
1598714501,eth0,0.00,118.00,118.00,118,0,0.00,1.00,1.00,1,0,0.00,0.00,0,0
1598714501,eth1,0.00,0.00,0.00,0,0,0.00,0.00,0.00,0,0,0.00,0.00,0,0
1598714501,s2,0.00,0.00,0.00,0,0,0.00,0.00,0.00,0,0,0.00,0.00,0,0
1598714501,s1-eth2,30562.00,1250564.00,1281126.00,1250564,30562,413.00,826.00,1239.00,826,413,0.00,0.00,0,0
1598714501,s1-eth1,1250564.00,30562.00,1281126.00,30562,1250564,826.00,413.00,1239.00,413,826,0.00,0.00,0,0
1598714501,s3,0.00,0.00,0.00,0,0,0.00,0.00,0.00,0,0,0.00,0.00,0,0
1598714501,lo,0.00,0.00,0.00,0,0,0.00,0.00,0.00,0,0,0.00,0.00,0,0
1598714501,s4,0.00,0.00,0.00,0,0,0.00,0.00,0.00,0,0,0.00,0.00,0,0
1598714501,total,1281126.00,1281244.00,2562370.00,1281244,1281126,1239.00,1240.00,2479.00,1240,1239,0.00,0.00,0,0
1598714502,s5,0.00,0.00,0.00,0,0,0.00,0.00,0.00,0,0,0.00,0.00,0,0
1598714502,s1,0.00,0.00,0.00,0,0,0.00,0.00,0.00,0,0,0.00,0.00,0,0
1598714502,eth0,0.00,117.88,117.88,118,0,0.00,1.00,1.00,1,0,0.00,0.00,0,0
1598714502,eth1,0.00,0.00,0.00,0,0,0.00,0.00,0.00,0,0,0.00,0.00,0,0
1598714502,s2,0.00,0.00,0.00,0,0,0.00,0.00,0.00,0,0,0.00,0.00,0,0
1598714502,s1-eth2,30457.54,1247802.25,1278259.75,1249050,30488,411.59,824.18,1235.76,825,412,0.00,0.00,0,0
1598714502,s1-eth1,1247802.25,30457.54,1278259.75,30488,1249050,824.18,411.59,1235.76,412,825,0.00,0.00,0,0
1598714502,s3,0.00,0.00,0.00,0,0,0.00,0.00,0.00,0,0,0.00,0.00,0,0
1598714502,lo,687.31,687.31,1374.63,688,688,11.99,11.99,23.98,12,12,0.00,0.00,0,0
1598714502,s4,0.00,0.00,0.00,0,0,0.00,0.00,0.00,0,0,0.00,0.00,0,0
1598714502,total,1278947.12,1279065.00,2558012.00,1280344,1280226,1247.75,1248.75,2496.50,1250,1249,0.00,0.00,0,0
1598714503,s5,0.00,0.00,0.00,0,0,0.00,0.00,0.00,0,0,0.00,0.00,0,0
1598714503,s1,0.00,0.00,0.00,0,0,0.00,0.00,0.00,0,0,0.00,0.00,0,0
1598714503,eth0,0.00,118.00,118.00,118,0,0.00,1.00,1.00,1,0,0.00,0.00,0,0
1598714503,eth1,0.00,0.00,0.00,0,0,0.00,0.00,0.00,0,0,0.00,0.00,0,0
1598714503,s2,0.00,0.00,0.00,0,0,0.00,0.00,0.00,0,0,0.00,0.00,0,0
1598714503,s1-eth2,30266.00,1235424.00,1265690.00,1235424,30266,409.00,816.00,1225.00,816,409,0.00,0.00,0,0
1598714503,s1-eth1,1235424.00,30192.00,1265616.00,30192,1235424,816.00,408.00,1224.00,408,816,0.00,0.00,0,0
1598714503,s3,0.00,0.00,0.00,0,0,0.00,0.00,0.00,0,0,0.00,0.00,0,0
1598714503,lo,172.00,172.00,344.00,172,172,3.00,3.00,6.00,3,3,0.00,0.00,0,0
1598714503,s4,0.00,0.00,0.00,0,0,0.00,0.00,0.00,0,0,0.00,0.00,0,0
1598714503,total,1265862.00,1265906.00,2531768.00,1265906,1265862,1228.00,1228.00,2456.00,1228,1228,0.00,0.00,0,0
1598714504,s5,0.00,0.00,0.00,0,0,0.00,0.00,0.00,0,0,0.00,0.00,0,0
1598714504,s1,0.00,0.00,0.00,0,0,0.00,0.00,0.00,0,0,0.00,0.00,0,0
1598714504,eth0,456.00,853.00,1309.00,853,456,6.00,7.00,13.00,7,6,0.00,0.00,0,0
1598714504,eth1,0.00,0.00,0.00,0,0,0.00,0.00,0.00,0,0,0.00,0.00,0,0
1598714504,s2,0.00,0.00,0.00,0,0,0.00,0.00,0.00,0,0,0.00,0.00,0,0
1598714504,s1-eth2,30976.00,1244508.00,1275484.00,1244508,30976,414.00,822.00,1236.00,822,414,0.00,0.00,0,0
1598714504,s1-eth1,1245070.00,30414.00,1275484.00,30414,1245070,825.00,411.00,1236.00,411,825,0.00,0.00,0,0
1598714504,s3,0.00,0.00,0.00,0,0,0.00,0.00,0.00,0,0,0.00,0.00,0,0
1598714504,lo,1023.00,1023.00,2046.00,1023,1023,12.00,12.00,24.00,12,12,0.00,0.00,0,0
1598714504,s4,0.00,0.00,0.00,0,0,0.00,0.00,0.00,0,0,0.00,0.00,0,0
1598714504,total,1277525.00,1276798.00,2554323.00,1276798,1277525,1257.00,1252.00,2509.00,1252,1257,0.00,0.00,0,0
1598714505,s5,0.00,0.00,0.00,0,0,0.00,0.00,0.00,0,0,0.00,0.00,0,0
1598714505,s1,0.00,0.00,0.00,0,0,0.00,0.00,0.00,0,0,0.00,0.00,0,0
1598714505,eth0,152.00,423.00,575.00,423,152,2.00,4.00,6.00,4,2,0.00,0.00,0,0
1598714505,eth1,0.00,0.00,0.00,0,0,0.00,0.00,0.00,0,0,0.00,0.00,0,0
1598714505,s2,0.00,0.00,0.00,0,0,0.00,0.00,0.00,0,0,0.00,0.00,0,0
1598714505,s1-eth2,30418.00,1241480.00,1271898.00,1241480,30418,411.00,820.00,1231.00,820,411,0.00,0.00,0,0
1598714505,s1-eth1,1241558.00,30340.00,1271898.00,30340,1241558,821.00,410.00,1231.00,410,821,0.00,0.00,0,0
1598714505,s3,0.00,0.00,0.00,0,0,0.00,0.00,0.00,0,0,0.00,0.00,0,0
1598714505,lo,341.00,341.00,682.00,341,341,4.00,4.00,8.00,4,4,0.00,0.00,0,0
1598714505,s4,0.00,0.00,0.00,0,0,0.00,0.00,0.00,0,0,0.00,0.00,0,0
1598714505,total,1272469.00,1272584.00,2545053.00,1272584,1272469,1238.00,1238.00,2476.00,1238,1238,0.00,0.00,0,0
1598714506,s5,0.00,0.00,0.00,0,0,0.00,0.00,0.00,0,0,0.00,0.00,0,0
1598714506,s1,0.00,0.00,0.00,0,0,0.00,0.00,0.00,0,0,0.00,0.00,0,0
1598714506,eth0,304.00,608.00,912.00,608,304,4.00,5.00,9.00,5,4,0.00,0.00,0,0
1598714506,eth1,0.00,0.00,0.00,0,0,0.00,0.00,0.00,0,0,0.00,0.00,0,0
1598714506,s2,0.00,0.00,0.00,0,0,0.00,0.00,0.00,0,0,0.00,0.00,0,0
1598714506,s1-eth2,31303.00,1247536.00,1278839.00,1247536,31303,417.00,824.00,1241.00,824,417,0.00,0.00,0,0
1598714506,s1-eth1,1247601.00,30488.00,1278089.00,30488,1247601,831.00,412.00,1243.00,412,831,0.00,0.00,0,0
1598714506,s3,0.00,0.00,0.00,0,0,0.00,0.00,0.00,0,0,0.00,0.00,0,0
1598714506,lo,682.00,682.00,1364.00,682,682,8.00,8.00,16.00,8,8,0.00,0.00,0,0
1598714506,s4,0.00,0.00,0.00,0,0,0.00,0.00,0.00,0,0,0.00,0.00,0,0
1598714506,total,1279890.00,1279314.00,2559204.00,1279314,1279890,1260.00,1249.00,2509.00,1249,1260,0.00,0.00,0,0
1598714507,s5,0.00,0.00,0.00,0,0,0.00,0.00,0.00,0,0,0.00,0.00,0,0
1598714507,s1,0.00,0.00,0.00,0,0,0.00,0.00,0.00,0,0,0.00,0.00,0,0
1598714507,eth0,152.00,363.00,515.00,363,152,2.00,3.00,5.00,3,2,0.00,0.00,0,0
1598714507,eth1,0.00,0.00,0.00,0,0,0.00,0.00,0.00,0,0,0.00,0.00,0,0
1598714507,s2,0.00,0.00,0.00,0,0,0.00,0.00,0.00,0,0,0.00,0.00,0,0
1598714507,s1-eth2,32040.96,1249314.75,1281355.62,1250564,32073,419.58,825.17,1244.76,826,420,0.00,0.00,0,0
1598714507,s1-eth1,1248964.12,30457.54,1279421.62,30488,1250213,830.17,411.59,1241.76,412,831,0.00,0.00,0,0
1598714507,s3,0.00,0.00,0.00,0,0,0.00,0.00,0.00,0,0,0.00,0.00,0,0
1598714507,lo,1027.97,1027.97,2055.94,1029,1029,15.98,15.98,31.97,16,16,0.00,0.00,0,0
1598714507,s4,0.00,0.00,0.00,0,0,0.00,0.00,0.00,0,0,0.00,0.00,0,0
1598714507,total,1282184.88,1281162.88,2563347.75,1282444,1283467,1267.73,1255.74,2523.48,1257,1269,0.00,0.00,0,0
1598714508,s5,0.00,0.00,0.00,0,0,0.00,0.00,0.00,0,0,0.00,0.00,0,0
1598714508,s1,0.00,0.00,0.00,0,0,0.00,0.00,0.00,0,0,0.00,0.00,0,0
1598714508,eth0,0.00,117.88,117.88,118,0,0.00,1.00,1.00,1,0,0.00,0.00,0,0
1598714508,eth1,0.00,0.00,0.00,0,0,0.00,0.00,0.00,0,0,0.00,0.00,0,0
1598714508,s2,0.00,0.00,0.00,0,0,0.00,0.00,0.00,0,0,0.00,0.00,0,0
1598714508,s1-eth2,31157.00,1249050.00,1280207.00,1249050,31157,414.00,825.00,1239.00,825,414,0.00,0.00,0,0
1598714508,s1-eth1,1247863.00,30488.00,1278351.00,30488,1247863,825.00,412.00,1237.00,412,825,0.00,0.00,0,0
1598714508,s3,0.00,0.00,0.00,0,0,0.00,0.00,0.00,0,0,0.00,0.00,0,0
1598714508,lo,172.00,172.00,344.00,172,172,3.00,3.00,6.00,3,3,0.00,0.00,0,0
1598714508,s4,0.00,0.00,0.00,0,0,0.00,0.00,0.00,0,0,0.00,0.00,0,0
1598714508,total,1279192.00,1279828.00,2559020.00,1279828,1279192,1242.00,1241.00,2483.00,1241,1242,0.00,0.00,0,0
1598714509,s5,0.00,0.00,0.00,0,0,0.00,0.00,0.00,0,0,0.00,0.00,0,0
1598714509,s1,0.00,0.00,0.00,0,0,0.00,0.00,0.00,0,0,0.00,0.00,0,0
1598714509,eth0,59.94,177.82,237.76,178,60,1.00,2.00,3.00,2,1,0.00,0.00,0,0
1598714509,eth1,0.00,0.00,0.00,0,0,0.00,0.00,0.00,0,0,0.00,0.00,0,0
1598714509,s2,0.00,0.00,0.00,0,0,0.00,0.00,0.00,0,0,0.00,0.00,0,0
1598714509,s1-eth2,30831.17,1247802.25,1278633.38,1249050,30862,413.59,824.18,1237.76,825,414,0.00,0.00,0,0
1598714509,s1-eth1,1248175.88,30531.47,1278707.38,30562,1249424,826.17,412.59,1238.76,413,827,0.00,0.00,0,0
1598714509,s3,0.00,0.00,0.00,0,0,0.00,0.00,0.00,0,0,0.00,0.00,0,0
1598714509,lo,0.00,0.00,0.00,0,0,0.00,0.00,0.00,0,0,0.00,0.00,0,0
1598714509,s4,0.00,0.00,0.00,0,0,0.00,0.00,0.00,0,0,0.00,0.00,0,0
1598714509,total,1280346.00,1279790.00,2560136.00,1279790,1280346,1242.00,1240.00,2482.00,1240,1242,0.00,0.00,0,0
1598714510,s5,0.00,0.00,0.00,0,0,0.00,0.00,0.00,0,0,0.00,0.00,0,0
1598714510,s1,0.00,0.00,0.00,0,0,0.00,0.00,0.00,0,0,0.00,0.00,0,0
1598714510,eth0,0.00,118.00,118.00,118,0,0.00,1.00,1.00,1,0,0.00,0.00,0,0
1598714510,eth1,0.00,0.00,0.00,0,0,0.00,0.00,0.00,0,0,0.00,0.00,0,0
1598714510,s2,0.00,0.00,0.00,0,0,0.00,0.00,0.00,0,0,0.00,0.00,0,0
1598714510,s1-eth2,30737.00,1241480.00,1272217.00,1241480,30737,412.00,820.00,1232.00,820,412,0.00,0.00,0,0
1598714510,s1-eth1,1243733.00,30340.00,1274073.00,30340,1243733,824.00,410.00,1234.00,410,824,0.00,0.00,0,0
1598714510,s3,0.00,0.00,0.00,0,0,0.00,0.00,0.00,0,0,0.00,0.00,0,0
1598714510,lo,0.00,0.00,0.00,0,0,0.00,0.00,0.00,0,0,0.00,0.00,0,0
1598714510,s4,0.00,0.00,0.00,0,0,0.00,0.00,0.00,0,0,0.00,0.00,0,0
1598714510,total,1273196.88,1270667.38,2543864.25,1271938,1274470,1234.77,1229.77,2464.54,1231,1236,0.00,0.00,0,0
1598714511,s5,0.00,0.00,0.00,0,0,0.00,0.00,0.00,0,0,0.00,0.00,0,0
1598714511,s1,0.00,0.00,0.00,0,0,0.00,0.00,0.00,0,0,0.00,0.00,0,0
1598714511,eth0,0.00,530.00,530.00,530,0,0.00,4.00,4.00,4,0,0.00,0.00,0,0
1598714511,eth1,0.00,0.00,0.00,0,0,0.00,0.00,0.00,0,0,0.00,0.00,0,0
1598714511,s2,0.00,0.00,0.00,0,0,0.00,0.00,0.00,0,0,0.00,0.00,0,0
1598714511,s1-eth2,30530.00,1249092.00,1279622.00,1249092,30530,413.00,826.00,1239.00,826,413,0.00,0.00,0,0
1598714511,s1-eth1,1246064.00,30456.00,1276520.00,30456,1246064,824.00,412.00,1236.00,412,824,0.00,0.00,0,0
1598714511,s3,0.00,0.00,0.00,0,0,0.00,0.00,0.00,0,0,0.00,0.00,0,0
1598714511,lo,0.00,0.00,0.00,0,0,0.00,0.00,0.00,0,0,0.00,0.00,0,0
1598714511,s4,0.00,0.00,0.00,0,0,0.00,0.00,0.00,0,0,0.00,0.00,0,0
1598714511,total,1276594.00,1280078.00,2556672.00,1280078,1276594,1237.00,1242.00,2479.00,1242,1237,0.00,0.00,0,0
1598714512,s5,0.00,0.00,0.00,0,0,0.00,0.00,0.00,0,0,0.00,0.00,0,0
1598714512,s1,0.00,0.00,0.00,0,0,0.00,0.00,0.00,0,0,0.00,0.00,0,0
1598714512,eth0,0.00,990.00,990.00,990,0,0.00,7.00,7.00,7,0,0.00,0.00,0,0
1598714512,eth1,0.00,0.00,0.00,0,0,0.00,0.00,0.00,0,0,0.00,0.00,0,0
1598714512,s2,0.00,0.00,0.00,0,0,0.00,0.00,0.00,0,0,0.00,0.00,0,0
1598714512,s1-eth2,30414.00,1242994.00,1273408.00,1242994,30414,411.00,821.00,1232.00,821,411,0.00,0.00,0,0
1598714512,s1-eth1,1242994.00,30414.00,1273408.00,30414,1242994,821.00,411.00,1232.00,411,821,0.00,0.00,0,0
1598714512,s3,0.00,0.00,0.00,0,0,0.00,0.00,0.00,0,0,0.00,0.00,0,0
1598714512,lo,688.00,688.00,1376.00,688,688,12.00,12.00,24.00,12,12,0.00,0.00,0,0
1598714512,s4,0.00,0.00,0.00,0,0,0.00,0.00,0.00,0,0,0.00,0.00,0,0
1598714512,total,1274096.00,1275086.00,2549182.00,1275086,1274096,1244.00,1251.00,2495.00,1251,1244,0.00,0.00,0,0
1598714513,s5,0.00,0.00,0.00,0,0,0.00,0.00,0.00,0,0,0.00,0.00,0,0
1598714513,s1,0.00,0.00,0.00,0,0,0.00,0.00,0.00,0,0,0.00,0.00,0,0
1598714513,eth0,0.00,118.00,118.00,118,0,0.00,1.00,1.00,1,0,0.00,0.00,0,0
1598714513,eth1,0.00,0.00,0.00,0,0,0.00,0.00,0.00,0,0,0.00,0.00,0,0
1598714513,s2,0.00,0.00,0.00,0,0,0.00,0.00,0.00,0,0,0.00,0.00,0,0
1598714513,s1-eth2,30669.00,1247536.00,1278205.00,1247536,30669,414.00,824.00,1238.00,824,414,0.00,0.00,0,0
1598714513,s1-eth1,1249157.00,30636.00,1279793.00,30636,1249157,826.00,414.00,1240.00,414,826,0.00,0.00,0,0
1598714513,s3,0.00,0.00,0.00,0,0,0.00,0.00,0.00,0,0,0.00,0.00,0,0
1598714513,lo,172.00,172.00,344.00,172,172,3.00,3.00,6.00,3,3,0.00,0.00,0,0
1598714513,s4,0.00,0.00,0.00,0,0,0.00,0.00,0.00,0,0,0.00,0.00,0,0
1598714513,total,1279998.00,1278462.00,2558460.00,1278462,1279998,1243.00,1242.00,2485.00,1242,1243,0.00,0.00,0,0
1598714514,s5,0.00,0.00,0.00,0,0,0.00,0.00,0.00,0,0,0.00,0.00,0,0
1598714514,s1,0.00,0.00,0.00,0,0,0.00,0.00,0.00,0,0,0.00,0.00,0,0
1598714514,eth0,0.00,117.76,117.76,118,0,0.00,1.00,1.00,1,0,0.00,0.00,0,0
1598714514,eth1,0.00,0.00,0.00,0,0,0.00,0.00,0.00,0,0,0.00,0.00,0,0
1598714514,s2,0.00,0.00,0.00,0,0,0.00,0.00,0.00,0,0,0.00,0.00,0,0
1598714514,s1-eth2,30690.62,1240513.00,1271203.62,1242994,30752,411.18,819.36,1230.54,821,412,0.00,0.00,0,0
1598714514,s1-eth1,1239413.25,30279.44,1269692.62,30340,1241892,820.36,409.18,1229.54,410,822,0.00,0.00,0,0
1598714514,s3,0.00,0.00,0.00,0,0,0.00,0.00,0.00,0,0,0.00,0.00,0,0
1598714514,lo,0.00,0.00,0.00,0,0,0.00,0.00,0.00,0,0,0.00,0.00,0,0
1598714514,s4,0.00,0.00,0.00,0,0,0.00,0.00,0.00,0,0,0.00,0.00,0,0
1598714514,total,1270103.88,1270910.25,2541014.00,1273452,1272644,1231.54,1229.54,2461.08,1232,1234,0.00,0.00,0,0
1598714515,s5,0.00,0.00,0.00,0,0,0.00,0.00,0.00,0,0,0.00,0.00,0,0
1598714515,s1,0.00,0.00,0.00,0,0,0.00,0.00,0.00,0,0,0.00,0.00,0,0
1598714515,eth0,0.00,530.00,530.00,530,0,0.00,4.00,4.00,4,0,0.00,0.00,0,0
1598714515,eth1,0.00,0.00,0.00,0,0,0.00,0.00,0.00,0,0,0.00,0.00,0,0
1598714515,s2,0.00,0.00,0.00,0,0,0.00,0.00,0.00,0,0,0.00,0.00,0,0
1598714515,s1-eth2,30414.00,1242994.00,1273408.00,1242994,30414,411.00,821.00,1232.00,821,411,0.00,0.00,0,0
1598714515,s1-eth1,1242994.00,30340.00,1273334.00,30340,1242994,821.00,410.00,1231.00,410,821,0.00,0.00,0,0
1598714515,s3,0.00,0.00,0.00,0,0,0.00,0.00,0.00,0,0,0.00,0.00,0,0
1598714515,lo,0.00,0.00,0.00,0,0,0.00,0.00,0.00,0,0,0.00,0.00,0,0
1598714515,s4,0.00,0.00,0.00,0,0,0.00,0.00,0.00,0,0,0.00,0.00,0,0
1598714515,total,1273408.00,1273864.00,2547272.00,1273864,1273408,1232.00,1235.00,2467.00,1235,1232,0.00,0.00,0,0
1598714516,s5,0.00,0.00,0.00,0,0,0.00,0.00,0.00,0,0,0.00,0.00,0,0
1598714516,s1,0.00,0.00,0.00,0,0,0.00,0.00,0.00,0,0,0.00,0.00,0,0
1598714516,eth0,0.00,117.88,117.88,118,0,0.00,1.00,1.00,1,0,0.00,0.00,0,0
1598714516,eth1,0.00,0.00,0.00,0,0,0.00,0.00,0.00,0,0,0.00,0.00,0,0
1598714516,s2,0.00,0.00,0.00,0,0,0.00,0.00,0.00,0,0,0.00,0.00,0,0
1598714516,s1-eth2,30309.69,1240239.75,1270549.50,1241480,30340,409.59,819.18,1228.77,820,410,0.00,0.00,0,0
1598714516,s1-eth1,1240239.75,30309.69,1270549.50,30340,1241480,819.18,409.59,1228.77,410,820,0.00,0.00,0,0
1598714516,s3,0.00,0.00,0.00,0,0,0.00,0.00,0.00,0,0,0.00,0.00,0,0
1598714516,lo,0.00,0.00,0.00,0,0,0.00,0.00,0.00,0,0,0.00,0.00,0,0
1598714516,s4,0.00,0.00,0.00,0,0,0.00,0.00,0.00,0,0,0.00,0.00,0,0
1598714516,total,1270549.50,1270667.38,2541216.75,1271938,1271820,1228.77,1229.77,2458.54,1231,1230,0.00,0.00,0,0
1598714517,s5,0.00,0.00,0.00,0,0,0.00,0.00,0.00,0,0,0.00,0.00,0,0
1598714517,s1,0.00,0.00,0.00,0,0,0.00,0.00,0.00,0,0,0.00,0.00,0,0
1598714517,eth0,0.00,117.76,117.76,118,0,0.00,1.00,1.00,1,0,0.00,0.00,0,0
1598714517,eth1,0.00,0.00,0.00,0,0,0.00,0.00,0.00,0,0,0.00,0.00,0,0
1598714517,s2,0.00,0.00,0.00,0,0,0.00,0.00,0.00,0,0,0.00,0.00,0,0
1598714517,s1-eth2,18770.46,739750.50,758521.00,741230,18808,253.49,492.02,745.51,493,254,0.00,0.00,0,0
1598714517,s1-eth1,757882.25,18770.46,776652.69,18808,759398,503.99,253.49,757.49,254,505,0.00,0.00,0,0
1598714517,s3,0.00,0.00,0.00,0,0,0.00,0.00,0.00,0,0,0.00,0.00,0,0
1598714517,lo,686.63,686.63,1373.25,688,688,11.98,11.98,23.95,12,12,0.00,0.00,0,0
1598714517,s4,0.00,0.00,0.00,0,0,0.00,0.00,0.00,0,0,0.00,0.00,0,0
1598714517,total,777339.31,759325.38,1536664.75,760844,778894,769.46,758.48,1527.94,760,771,0.00,0.00,0,0
1598714518,s5,0.00,0.00,0.00,0,0,0.00,0.00,0.00,0,0,0.00,0.00,0,0
1598714518,s1,0.00,0.00,0.00,0,0,0.00,0.00,0.00,0,0,0.00,0.00,0,0
1598714518,eth0,0.00,117.76,117.76,118,0,0.00,1.00,1.00,1,0,0.00,0.00,0,0
1598714518,eth1,0.00,0.00,0.00,0,0,0.00,0.00,0.00,0,0,0.00,0.00,0,0
1598714518,s2,0.00,0.00,0.00,0,0,0.00,0.00,0.00,0,0,0.00,0.00,0,0
1598714518,s1-eth2,0.00,0.00,0.00,0,0,0.00,0.00,0.00,0,0,0.00,0.00,0,0
1598714518,s1-eth1,0.00,0.00,0.00,0,0,0.00,0.00,0.00,0,0,0.00,0.00,0,0
1598714518,s3,0.00,0.00,0.00,0,0,0.00,0.00,0.00,0,0,0.00,0.00,0,0
1598714518,lo,171.66,171.66,343.31,172,172,2.99,2.99,5.99,3,3,0.00,0.00,0,0
1598714518,s4,0.00,0.00,0.00,0,0,0.00,0.00,0.00,0,0,0.00,0.00,0,0
1598714518,total,171.66,289.42,461.08,290,172,2.99,3.99,6.99,4,3,0.00,0.00,0,0
1598714519,s5,0.00,0.00,0.00,0,0,0.00,0.00,0.00,0,0,0.00,0.00,0,0
1598714519,s1,0.00,0.00,0.00,0,0,0.00,0.00,0.00,0,0,0.00,0.00,0,0
1598714519,eth0,0.00,117.76,117.76,118,0,0.00,1.00,1.00,1,0,0.00,0.00,0,0
1598714519,eth1,0.00,0.00,0.00,0,0,0.00,0.00,0.00,0,0,0.00,0.00,0,0
1598714519,s2,0.00,0.00,0.00,0,0,0.00,0.00,0.00,0,0,0.00,0.00,0,0
1598714519,s1-eth2,0.00,0.00,0.00,0,0,0.00,0.00,0.00,0,0,0.00,0.00,0,0
1598714519,s1-eth1,0.00,0.00,0.00,0,0,0.00,0.00,0.00,0,0,0.00,0.00,0,0
1598714519,s3,0.00,0.00,0.00,0,0,0.00,0.00,0.00,0,0,0.00,0.00,0,0
1598714519,lo,0.00,0.00,0.00,0,0,0.00,0.00,0.00,0,0,0.00,0.00,0,0
1598714519,s4,0.00,0.00,0.00,0,0,0.00,0.00,0.00,0,0,0.00,0.00,0,0
1598714519,total,0.00,117.76,117.76,118,0,0.00,1.00,1.00,1,0,0.00,0.00,0,0
1598714520,s5,0.00,0.00,0.00,0,0,0.00,0.00,0.00,0,0,0.00,0.00,0,0
1598714520,s1,0.00,0.00,0.00,0,0,0.00,0.00,0.00,0,0,0.00,0.00,0,0
1598714520,eth0,0.00,117.88,117.88,118,0,0.00,1.00,1.00,1,0,0.00,0.00,0,0
1598714520,eth1,0.00,0.00,0.00,0,0,0.00,0.00,0.00,0,0,0.00,0.00,0,0
1598714520,s2,0.00,0.00,0.00,0,0,0.00,0.00,0.00,0,0,0.00,0.00,0,0
1598714520,s1-eth2,0.00,0.00,0.00,0,0,0.00,0.00,0.00,0,0,0.00,0.00,0,0
1598714520,s1-eth1,0.00,0.00,0.00,0,0,0.00,0.00,0.00,0,0,0.00,0.00,0,0
1598714520,s3,0.00,0.00,0.00,0,0,0.00,0.00,0.00,0,0,0.00,0.00,0,0
1598714520,lo,0.00,0.00,0.00,0,0,0.00,0.00,0.00,0,0,0.00,0.00,0,0
1598714520,s4,0.00,0.00,0.00,0,0,0.00,0.00,0.00,0,0,0.00,0.00,0,0
1598714520,total,0.00,117.88,117.88,118,0,0.00,1.00,1.00,1,0,0.00,0.00,0,0
1598714521,s5,0.00,0.00,0.00,0,0,0.00,0.00,0.00,0,0,0.00,0.00,0,0
1598714521,s1,0.00,0.00,0.00,0,0,0.00,0.00,0.00,0,0,0.00,0.00,0,0
1598714521,eth0,0.00,117.76,117.76,118,0,0.00,1.00,1.00,1,0,0.00,0.00,0,0
1598714521,eth1,0.00,0.00,0.00,0,0,0.00,0.00,0.00,0,0,0.00,0.00,0,0
1598714521,s2,0.00,0.00,0.00,0,0,0.00,0.00,0.00,0,0,0.00,0.00,0,0
1598714521,s1-eth2,106.79,0.00,106.79,0,107,1.00,0.00,1.00,0,1,0.00,0.00,0,0
1598714521,s1-eth1,106.79,0.00,106.79,0,107,1.00,0.00,1.00,0,1,0.00,0.00,0,0
1598714521,s3,0.00,0.00,0.00,0,0,0.00,0.00,0.00,0,0,0.00,0.00,0,0
1598714521,lo,0.00,0.00,0.00,0,0,0.00,0.00,0.00,0,0,0.00,0.00,0,0
1598714521,s4,0.00,0.00,0.00,0,0,0.00,0.00,0.00,0,0,0.00,0.00,0,0
1598714521,total,213.57,117.76,331.34,118,214,2.00,1.00,2.99,1,2,0.00,0.00,0,0
1598714522,s5,0.00,0.00,0.00,0,0,0.00,0.00,0.00,0,0,0.00,0.00,0,0
1598714522,s1,0.00,0.00,0.00,0,0,0.00,0.00,0.00,0,0,0.00,0.00,0,0
1598714522,eth0,0.00,117.88,117.88,118,0,0.00,1.00,1.00,1,0,0.00,0.00,0,0
1598714522,eth1,0.00,0.00,0.00,0,0,0.00,0.00,0.00,0,0,0.00,0.00,0,0
1598714522,s2,0.00,0.00,0.00,0,0,0.00,0.00,0.00,0,0,0.00,0.00,0,0
1598714522,s1-eth2,341.66,0.00,341.66,0,342,1.00,0.00,1.00,0,1,0.00,0.00,0,0
1598714522,s1-eth1,342.00,0.00,342.00,0,342,1.00,0.00,1.00,0,1,0.00,0.00,0,0
1598714522,s3,0.00,0.00,0.00,0,0,0.00,0.00,0.00,0,0,0.00,0.00,0,0
1598714522,lo,688.00,688.00,1376.00,688,688,12.00,12.00,24.00,12,12,0.00,0.00,0,0
1598714522,s4,0.00,0.00,0.00,0,0,0.00,0.00,0.00,0,0,0.00,0.00,0,0
1598714522,total,1372.00,806.00,2178.00,806,1372,14.00,13.00,27.00,13,14,0.00,0.00,0,0
1598714523,s5,0.00,0.00,0.00,0,0,0.00,0.00,0.00,0,0,0.00,0.00,0,0
1598714523,s1,0.00,0.00,0.00,0,0,0.00,0.00,0.00,0,0,0.00,0.00,0,0
1598714523,eth0,0.00,415.58,415.58,416,0,0.00,3.00,3.00,3,0,0.00,0.00,0,0
