1598713902,s5,0.00,0.00,0.00,0,0,0.00,0.00,0.00,0,0,0.00,0.00,0,0
1598713902,s1,0.00,0.00,0.00,0,0,0.00,0.00,0.00,0,0,0.00,0.00,0,0
1598713902,eth0,0.00,0.00,0.00,0,0,0.00,0.00,0.00,0,0,0.00,0.00,0,0
1598713902,eth1,0.00,0.00,0.00,0,0,0.00,0.00,0.00,0,0,0.00,0.00,0,0
1598713902,s2,0.00,0.00,0.00,0,0,0.00,0.00,0.00,0,0,0.00,0.00,0,0
1598713902,s1-eth2,0.00,0.00,0.00,0,0,0.00,0.00,0.00,0,0,0.00,0.00,0,0
1598713902,s1-eth1,0.00,0.00,0.00,0,0,0.00,0.00,0.00,0,0,0.00,0.00,0,0
1598713902,s3,0.00,0.00,0.00,0,0,0.00,0.00,0.00,0,0,0.00,0.00,0,0
1598713902,lo,0.00,0.00,0.00,0,0,0.00,0.00,0.00,0,0,0.00,0.00,0,0
1598713902,s4,0.00,0.00,0.00,0,0,0.00,0.00,0.00,0,0,0.00,0.00,0,0
1598713902,total,0.00,0.00,0.00,0,0,0.00,0.00,0.00,0,0,0.00,0.00,0,0
1598713903,s5,0.00,0.00,0.00,0,0,0.00,0.00,0.00,0,0,0.00,0.00,0,0
1598713903,s1,160.00,500.00,660.00,500,160,2.00,6.00,8.00,6,2,0.00,0.00,0,0
1598713903,eth0,456.00,853.00,1309.00,853,456,6.00,7.00,13.00,7,6,0.00,0.00,0,0
1598713903,eth1,0.00,0.00,0.00,0,0,0.00,0.00,0.00,0,0,0.00,0.00,0,0
1598713903,s2,0.00,0.00,0.00,0,0,0.00,0.00,0.00,0,0,0.00,0.00,0,0
1598713903,s1-eth2,33670.00,1232646.00,1266316.00,1232646,33670,437.00,817.00,1254.00,817,437,0.00,0.00,0,0
1598713903,s1-eth1,1234150.00,31404.00,1265554.00,31404,1234150,827.00,424.00,1251.00,424,827,0.00,0.00,0,0
1598713903,s3,0.00,0.00,0.00,0,0,0.00,0.00,0.00,0,0,0.00,0.00,0,0
1598713903,lo,3267.00,3267.00,6534.00,3267,3267,36.00,36.00,72.00,36,36,0.00,0.00,0,0
1598713903,s4,0.00,0.00,0.00,0,0,0.00,0.00,0.00,0,0,0.00,0.00,0,0
1598713903,total,1271703.00,1268670.00,2540373.00,1268670,1271703,1308.00,1290.00,2598.00,1290,1308,0.00,0.00,0,0
1598713904,s5,0.00,0.00,0.00,0,0,0.00,0.00,0.00,0,0,0.00,0.00,0,0
1598713904,s1,89.91,0.00,89.91,0,90,1.00,0.00,1.00,0,1,0.00,0.00,0,0
1598713904,eth0,151.85,362.64,514.49,363,152,2.00,3.00,5.00,3,2,0.00,0.00,0,0
1598713904,eth1,0.00,0.00,0.00,0,0,0.00,0.00,0.00,0,0,0.00,0.00,0,0
1598713904,s2,0.00,0.00,0.00,0,0,0.00,0.00,0.00,0,0,0.00,0.00,0,0
1598713904,s1-eth2,32439.56,1244777.25,1277216.88,1246022,32472,432.57,822.18,1254.75,823,433,0.00,0.00,0,0
1598713904,s1-eth1,1244751.25,31714.29,1276465.62,31746,1245996,828.17,428.57,1256.74,429,829,0.00,0.00,0,0
1598713904,s3,0.00,0.00,0.00,0,0,0.00,0.00,0.00,0,0,0.00,0.00,0,0
1598713904,lo,628.37,628.37,1256.74,629,629,6.99,6.99,13.99,7,7,0.00,0.00,0,0
1598713904,s4,0.00,0.00,0.00,0,0,0.00,0.00,0.00,0,0,0.00,0.00,0,0
1598713904,total,1276785.50,1276207.62,2552993.00,1278760,1279339,1269.46,1259.48,2528.94,1262,1272,0.00,0.00,0,0
1598713905,s5,0.00,0.00,0.00,0,0,0.00,0.00,0.00,0,0,0.00,0.00,0,0
1598713905,s1,0.00,0.00,0.00,0,0,0.00,0.00,0.00,0,0,0.00,0.00,0,0
1598713905,eth0,0.00,117.76,117.76,118,0,0.00,1.00,1.00,1,0,0.00,0.00,0,0
1598713905,eth1,0.00,0.00,0.00,0,0,0.00,0.00,0.00,0,0,0.00,0.00,0,0
1598713905,s2,0.00,0.00,0.00,0,0,0.00,0.00,0.00,0,0,0.00,0.00,0,0
1598713905,s1-eth2,31418.16,1229936.12,1261354.38,1232396,31481,421.16,812.38,1233.53,814,422,0.00,0.00,0,0
1598713905,s1-eth1,1230262.50,31165.67,1261428.12,31228,1232723,813.37,421.16,1234.53,422,815,0.00,0.00,0,0
1598713905,s3,0.00,0.00,0.00,0,0,0.00,0.00,0.00,0,0,0.00,0.00,0,0
1598713905,lo,0.00,0.00,0.00,0,0,0.00,0.00,0.00,0,0,0.00,0.00,0,0
1598713905,s4,0.00,0.00,0.00,0,0,0.00,0.00,0.00,0,0,0.00,0.00,0,0
1598713905,total,1264204.00,1263742.00,2527946.00,1263742,1264204,1237.00,1237.00,2474.00,1237,1237,0.00,0.00,0,0
1598713906,s5,0.00,0.00,0.00,0,0,0.00,0.00,0.00,0,0,0.00,0.00,0,0
1598713906,s1,0.00,0.00,0.00,0,0,0.00,0.00,0.00,0,0,0.00,0.00,0,0
1598713906,eth0,224.00,402.00,626.00,402,224,3.00,5.00,8.00,5,3,0.00,0.00,0,0
1598713906,eth1,0.00,0.00,0.00,0,0,0.00,0.00,0.00,0,0,0.00,0.00,0,0
1598713906,s2,0.00,0.00,0.00,0,0,0.00,0.00,0.00,0,0,0.00,0.00,0,0
1598713906,s1-eth2,31602.00,1232396.00,1263998.00,1232396,31602,424.00,814.00,1238.00,814,424,0.00,0.00,0,0
1598713906,s1-eth1,1231256.00,31228.00,1262484.00,31228,1231256,815.00,422.00,1237.00,422,815,0.00,0.00,0,0
1598713906,s3,0.00,0.00,0.00,0,0,0.00,0.00,0.00,0,0,0.00,0.00,0,0
1598713906,lo,688.00,688.00,1376.00,688,688,12.00,12.00,24.00,12,12,0.00,0.00,0,0
1598713906,s4,0.00,0.00,0.00,0,0,0.00,0.00,0.00,0,0,0.00,0.00,0,0
1598713906,total,1263770.00,1264714.00,2528484.00,1264714,1263770,1254.00,1253.00,2507.00,1253,1254,0.00,0.00,0,0
1598713907,s5,0.00,0.00,0.00,0,0,0.00,0.00,0.00,0,0,0.00,0.00,0,0
1598713907,s1,70.00,140.00,210.00,140,70,1.00,2.00,3.00,2,1,0.00,0.00,0,0
1598713907,eth0,0.00,118.00,118.00,118,0,0.00,1.00,1.00,1,0,0.00,0.00,0,0
1598713907,eth1,0.00,0.00,0.00,0,0,0.00,0.00,0.00,0,0,0.00,0.00,0,0
1598713907,s2,0.00,0.00,0.00,0,0,0.00,0.00,0.00,0,0,0.00,0.00,0,0
1598713907,s1-eth2,31025.00,1249120.00,1280145.00,1249120,31025,416.00,826.00,1242.00,826,416,0.00,0.00,0,0
1598713907,s1-eth1,1248415.00,30558.00,1278973.00,30558,1248415,829.00,413.00,1242.00,413,829,0.00,0.00,0,0
1598713907,s3,0.00,0.00,0.00,0,0,0.00,0.00,0.00,0,0,0.00,0.00,0,0
1598713907,lo,804.00,804.00,1608.00,804,804,9.00,9.00,18.00,9,9,0.00,0.00,0,0
1598713907,s4,0.00,0.00,0.00,0,0,0.00,0.00,0.00,0,0,0.00,0.00,0,0
1598713907,total,1280314.00,1280740.00,2561054.00,1280740,1280314,1255.00,1251.00,2506.00,1251,1255,0.00,0.00,0,0
1598713908,s5,0.00,0.00,0.00,0,0,0.00,0.00,0.00,0,0,0.00,0.00,0,0
1598713908,s1,0.00,0.00,0.00,0,0,0.00,0.00,0.00,0,0,0.00,0.00,0,0
1598713908,eth0,0.00,118.00,118.00,118,0,0.00,1.00,1.00,1,0,0.00,0.00,0,0
1598713908,eth1,0.00,0.00,0.00,0,0,0.00,0.00,0.00,0,0,0.00,0.00,0,0
1598713908,s2,0.00,0.00,0.00,0,0,0.00,0.00,0.00,0,0,0.00,0.00,0,0
1598713908,s1-eth2,30266.00,1238452.00,1268718.00,1238452,30266,409.00,818.00,1227.00,818,409,0.00,0.00,0,0
1598713908,s1-eth1,1238452.00,30266.00,1268718.00,30266,1238452,818.00,409.00,1227.00,409,818,0.00,0.00,0,0
1598713908,s3,0.00,0.00,0.00,0,0,0.00,0.00,0.00,0,0,0.00,0.00,0,0
1598713908,lo,0.00,0.00,0.00,0,0,0.00,0.00,0.00,0,0,0.00,0.00,0,0
1598713908,s4,0.00,0.00,0.00,0,0,0.00,0.00,0.00,0,0,0.00,0.00,0,0
1598713908,total,1266185.62,1266303.38,2532489.00,1268836,1268718,1224.55,1225.55,2450.10,1228,1227,0.00,0.00,0,0
1598713909,s5,0.00,0.00,0.00,0,0,0.00,0.00,0.00,0,0,0.00,0.00,0,0
1598713909,s1,0.00,0.00,0.00,0,0,0.00,0.00,0.00,0,0,0.00,0.00,0,0
1598713909,eth0,0.00,177.64,177.64,178,0,0.00,2.00,2.00,2,0,0.00,0.00,0,0
1598713909,eth1,0.00,0.00,0.00,0,0,0.00,0.00,0.00,0,0,0.00,0.00,0,0
1598713909,s2,0.00,0.00,0.00,0,0,0.00,0.00,0.00,0,0,0.00,0.00,0,0
1598713909,s1-eth2,29762.48,1219359.38,1249121.75,1221798,29822,402.20,805.39,1207.58,807,403,0.00,0.00,0,0
1598713909,s1-eth1,1217848.38,29762.48,1247610.88,29822,1220284,804.39,402.20,1206.59,403,806,0.00,0.00,0,0
1598713909,s3,0.00,0.00,0.00,0,0,0.00,0.00,0.00,0,0,0.00,0.00,0,0
1598713909,lo,0.00,0.00,0.00,0,0,0.00,0.00,0.00,0,0,0.00,0.00,0,0
1598713909,s4,0.00,0.00,0.00,0,0,0.00,0.00,0.00,0,0,0.00,0.00,0,0
1598713909,total,1250106.00,1251798.00,2501904.00,1251798,1250106,1209.00,1212.00,2421.00,1212,1209,0.00,0.00,0,0
1598713910,s5,0.00,0.00,0.00,0,0,0.00,0.00,0.00,0,0,0.00,0.00,0,0
1598713910,s1,0.00,0.00,0.00,0,0,0.00,0.00,0.00,0,0,0.00,0.00,0,0
1598713910,eth0,0.00,118.00,118.00,118,0,0.00,1.00,1.00,1,0,0.00,0.00,0,0
1598713910,eth1,0.00,0.00,0.00,0,0,0.00,0.00,0.00,0,0,0.00,0.00,0,0
1598713910,s2,0.00,0.00,0.00,0,0,0.00,0.00,0.00,0,0,0.00,0.00,0,0
1598713910,s1-eth2,31011.00,1242994.00,1274005.00,1242994,31011,415.00,821.00,1236.00,821,415,0.00,0.00,0,0
1598713910,s1-eth1,1241587.00,30488.00,1272075.00,30488,1241587,821.00,412.00,1233.00,412,821,0.00,0.00,0,0
1598713910,s3,0.00,0.00,0.00,0,0,0.00,0.00,0.00,0,0,0.00,0.00,0,0
1598713910,lo,0.00,0.00,0.00,0,0,0.00,0.00,0.00,0,0,0.00,0.00,0,0
1598713910,s4,0.00,0.00,0.00,0,0,0.00,0.00,0.00,0,0,0.00,0.00,0,0
1598713910,total,1272598.00,1273600.00,2546198.00,1273600,1272598,1236.00,1234.00,2470.00,1234,1236,0.00,0.00,0,0
1598713911,s5,0.00,0.00,0.00,0,0,0.00,0.00,0.00,0,0,0.00,0.00,0,0
1598713911,s1,70.00,140.00,210.00,140,70,1.00,2.00,3.00,2,1,0.00,0.00,0,0
1598713911,eth0,164.00,282.00,446.00,282,164,2.00,3.00,5.00,3,2,0.00,0.00,0,0
1598713911,eth1,0.00,0.00,0.00,0,0,0.00,0.00,0.00,0,0,0.00,0.00,0,0
1598713911,s2,0.00,0.00,0.00,0,0,0.00,0.00,0.00,0,0,0.00,0.00,0,0
1598713911,s1-eth2,30698.00,1243064.00,1273762.00,1243064,30698,415.00,822.00,1237.00,822,415,0.00,0.00,0,0
1598713911,s1-eth1,1243204.00,30558.00,1273762.00,30558,1243204,824.00,413.00,1237.00,413,824,0.00,0.00,0,0
1598713911,s3,0.00,0.00,0.00,0,0,0.00,0.00,0.00,0,0,0.00,0.00,0,0
1598713911,lo,1492.00,1492.00,2984.00,1492,1492,21.00,21.00,42.00,21,21,0.00,0.00,0,0
1598713911,s4,0.00,0.00,0.00,0,0,0.00,0.00,0.00,0,0,0.00,0.00,0,0
1598713911,total,1275628.00,1275536.00,2551164.00,1275536,1275628,1263.00,1261.00,2524.00,1261,1263,0.00,0.00,0,0
1598713912,s5,0.00,0.00,0.00,0,0,0.00,0.00,0.00,0,0,0.00,0.00,0,0
1598713912,s1,0.00,0.00,0.00,0,0,0.00,0.00,0.00,0,0,0.00,0.00,0,0
1598713912,eth0,0.00,118.00,118.00,118,0,0.00,1.00,1.00,1,0,0.00,0.00,0,0
1598713912,eth1,0.00,0.00,0.00,0,0,0.00,0.00,0.00,0,0,0.00,0.00,0,0
1598713912,s2,0.00,0.00,0.00,0,0,0.00,0.00,0.00,0,0,0.00,0.00,0,0
1598713912,s1-eth2,29970.00,1229368.00,1259338.00,1229368,29970,405.00,812.00,1217.00,812,405,0.00,0.00,0,0
1598713912,s1-eth1,1229368.00,30044.00,1259412.00,30044,1229368,812.00,406.00,1218.00,406,812,0.00,0.00,0,0
1598713912,s3,0.00,0.00,0.00,0,0,0.00,0.00,0.00,0,0,0.00,0.00,0,0
1598713912,lo,0.00,0.00,0.00,0,0,0.00,0.00,0.00,0,0,0.00,0.00,0,0
1598713912,s4,0.00,0.00,0.00,0,0,0.00,0.00,0.00,0,0,0.00,0.00,0,0
1598713912,total,1259338.00,1259530.00,2518868.00,1259530,1259338,1217.00,1219.00,2436.00,1219,1217,0.00,0.00,0,0
1598713913,s5,0.00,0.00,0.00,0,0,0.00,0.00,0.00,0,0,0.00,0.00,0,0
1598713913,s1,0.00,0.00,0.00,0,0,0.00,0.00,0.00,0,0,0.00,0.00,0,0
1598713913,eth0,0.00,118.00,118.00,118,0,0.00,1.00,1.00,1,0,0.00,0.00,0,0
1598713913,eth1,0.00,0.00,0.00,0,0,0.00,0.00,0.00,0,0,0.00,0.00,0,0
1598713913,s2,0.00,0.00,0.00,0,0,0.00,0.00,0.00,0,0,0.00,0.00,0,0
1598713913,s1-eth2,30636.00,1252078.00,1282714.00,1252078,30636,414.00,827.00,1241.00,827,414,0.00,0.00,0,0
1598713913,s1-eth1,1250906.00,30562.00,1281468.00,30562,1250906,827.00,413.00,1240.00,413,827,0.00,0.00,0,0
1598713913,s3,0.00,0.00,0.00,0,0,0.00,0.00,0.00,0,0,0.00,0.00,0,0
1598713913,lo,0.00,0.00,0.00,0,0,0.00,0.00,0.00,0,0,0.00,0.00,0,0
1598713913,s4,0.00,0.00,0.00,0,0,0.00,0.00,0.00,0,0,0.00,0.00,0,0
1598713913,total,1281542.00,1282758.00,2564300.00,1282758,1281542,1241.00,1241.00,2482.00,1241,1241,0.00,0.00,0,0
1598713914,s5,0.00,0.00,0.00,0,0,0.00,0.00,0.00,0,0,0.00,0.00,0,0
1598713914,s1,0.00,0.00,0.00,0,0,0.00,0.00,0.00,0,0,0.00,0.00,0,0
1598713914,eth0,0.00,118.00,118.00,118,0,0.00,1.00,1.00,1,0,0.00,0.00,0,0
1598713914,eth1,0.00,0.00,0.00,0,0,0.00,0.00,0.00,0,0,0.00,0.00,0,0
1598713914,s2,0.00,0.00,0.00,0,0,0.00,0.00,0.00,0,0,0.00,0.00,0,0
1598713914,s1-eth2,30488.00,1249050.00,1279538.00,1249050,30488,412.00,825.00,1237.00,825,412,0.00,0.00,0,0
1598713914,s1-eth1,1250564.00,30562.00,1281126.00,30562,1250564,826.00,413.00,1239.00,413,826,0.00,0.00,0,0
1598713914,s3,0.00,0.00,0.00,0,0,0.00,0.00,0.00,0,0,0.00,0.00,0,0
1598713914,lo,0.00,0.00,0.00,0,0,0.00,0.00,0.00,0,0,0.00,0.00,0,0
1598713914,s4,0.00,0.00,0.00,0,0,0.00,0.00,0.00,0,0,0.00,0.00,0,0
1598713914,total,1281052.00,1279730.00,2560782.00,1279730,1281052,1238.00,1239.00,2477.00,1239,1238,0.00,0.00,0,0
1598713915,s5,0.00,0.00,0.00,0,0,0.00,0.00,0.00,0,0,0.00,0.00,0,0
1598713915,s1,0.00,0.00,0.00,0,0,0.00,0.00,0.00,0,0,0.00,0.00,0,0
1598713915,eth0,0.00,118.00,118.00,118,0,0.00,1.00,1.00,1,0,0.00,0.00,0,0
1598713915,eth1,0.00,0.00,0.00,0,0,0.00,0.00,0.00,0,0,0.00,0.00,0,0
1598713915,s2,0.00,0.00,0.00,0,0,0.00,0.00,0.00,0,0,0.00,0.00,0,0
1598713915,s1-eth2,30562.00,1250564.00,1281126.00,1250564,30562,413.00,826.00,1239.00,826,413,0.00,0.00,0,0
1598713915,s1-eth1,1250564.00,30562.00,1281126.00,30562,1250564,826.00,413.00,1239.00,413,826,0.00,0.00,0,0
1598713915,s3,0.00,0.00,0.00,0,0,0.00,0.00,0.00,0,0,0.00,0.00,0,0
1598713915,lo,172.00,172.00,344.00,172,172,3.00,3.00,6.00,3,3,0.00,0.00,0,0
1598713915,s4,0.00,0.00,0.00,0,0,0.00,0.00,0.00,0,0,0.00,0.00,0,0
1598713915,total,1281298.00,1281416.00,2562714.00,1281416,1281298,1242.00,1243.00,2485.00,1243,1242,0.00,0.00,0,0
1598713916,s5,0.00,0.00,0.00,0,0,0.00,0.00,0.00,0,0,0.00,0.00,0,0
1598713916,s1,0.00,0.00,0.00,0,0,0.00,0.00,0.00,0,0,0.00,0.00,0,0
1598713916,eth0,0.00,118.00,118.00,118,0,0.00,1.00,1.00,1,0,0.00,0.00,0,0
1598713916,eth1,0.00,0.00,0.00,0,0,0.00,0.00,0.00,0,0,0.00,0.00,0,0
1598713916,s2,0.00,0.00,0.00,0,0,0.00,0.00,0.00,0,0,0.00,0.00,0,0
1598713916,s1-eth2,30340.00,1241480.00,1271820.00,1241480,30340,410.00,820.00,1230.00,820,410,0.00,0.00,0,0
1598713916,s1-eth1,1241480.00,30340.00,1271820.00,30340,1241480,820.00,410.00,1230.00,410,820,0.00,0.00,0,0
1598713916,s3,0.00,0.00,0.00,0,0,0.00,0.00,0.00,0,0,0.00,0.00,0,0
1598713916,lo,688.00,688.00,1376.00,688,688,12.00,12.00,24.00,12,12,0.00,0.00,0,0
1598713916,s4,0.00,0.00,0.00,0,0,0.00,0.00,0.00,0,0,0.00,0.00,0,0
1598713916,total,1272508.00,1272626.00,2545134.00,1272626,1272508,1242.00,1243.00,2485.00,1243,1242,0.00,0.00,0,0
1598713917,s5,0.00,0.00,0.00,0,0,0.00,0.00,0.00,0,0,0.00,0.00,0,0
1598713917,s1,0.00,0.00,0.00,0,0,0.00,0.00,0.00,0,0,0.00,0.00,0,0
1598713917,eth0,0.00,0.00,0.00,0,0,0.00,0.00,0.00,0,0,0.00,0.00,0,0
1598713917,eth1,0.00,0.00,0.00,0,0,0.00,0.00,0.00,0,0,0.00,0.00,0,0
1598713917,s2,0.00,0.00,0.00,0,0,0.00,0.00,0.00,0,0,0.00,0.00,0,0
1598713917,s1-eth2,30488.00,1247536.00,1278024.00,1247536,30488,412.00,824.00,1236.00,824,412,0.00,0.00,0,0
1598713917,s1-eth1,1247536.00,30488.00,1278024.00,30488,1247536,824.00,412.00,1236.00,412,824,0.00,0.00,0,0
1598713917,s3,0.00,0.00,0.00,0,0,0.00,0.00,0.00,0,0,0.00,0.00,0,0
1598713917,lo,0.00,0.00,0.00,0,0,0.00,0.00,0.00,0,0,0.00,0.00,0,0
1598713917,s4,0.00,0.00,0.00,0,0,0.00,0.00,0.00,0,0,0.00,0.00,0,0
1598713917,total,1278024.00,1278024.00,2556048.00,1278024,1278024,1236.00,1236.00,2472.00,1236,1236,0.00,0.00,0,0
1598713918,s5,0.00,0.00,0.00,0,0,0.00,0.00,0.00,0,0,0.00,0.00,0,0
1598713918,s1,0.00,0.00,0.00,0,0,0.00,0.00,0.00,0,0,0.00,0.00,0,0
1598713918,eth0,0.00,118.00,118.00,118,0,0.00,1.00,1.00,1,0,0.00,0.00,0,0
1598713918,eth1,0.00,0.00,0.00,0,0,0.00,0.00,0.00,0,0,0.00,0.00,0,0
1598713918,s2,0.00,0.00,0.00,0,0,0.00,0.00,0.00,0,0,0.00,0.00,0,0
1598713918,s1-eth2,30373.00,1239966.00,1270339.00,1239966,30373,410.00,819.00,1229.00,819,410,0.00,0.00,0,0
1598713918,s1-eth1,1238559.00,30266.00,1268825.00,30266,1238559,819.00,409.00,1228.00,409,819,0.00,0.00,0,0
1598713918,s3,0.00,0.00,0.00,0,0,0.00,0.00,0.00,0,0,0.00,0.00,0,0
1598713918,lo,0.00,0.00,0.00,0,0,0.00,0.00,0.00,0,0,0.00,0.00,0,0
1598713918,s4,0.00,0.00,0.00,0,0,0.00,0.00,0.00,0,0,0.00,0.00,0,0
1598713918,total,1268932.00,1270350.00,2539282.00,1270350,1268932,1229.00,1229.00,2458.00,1229,1229,0.00,0.00,0,0
1598713919,s5,0.00,0.00,0.00,0,0,0.00,0.00,0.00,0,0,0.00,0.00,0,0
1598713919,s1,0.00,0.00,0.00,0,0,0.00,0.00,0.00,0,0,0.00,0.00,0,0
1598713919,eth0,0.00,177.47,177.47,178,0,0.00,1.99,1.99,2,0,0.00,0.00,0,0
1598713919,eth1,0.00,0.00,0.00,0,0,0.00,0.00,0.00,0,0,0.00,0.00,0,0
1598713919,s2,0.00,0.00,0.00,0,0,0.00,0.00,0.00,0,0,0.00,0.00,0,0
1598713919,s1-eth2,30427.15,1246556.88,1276984.12,1249050,30488,411.18,823.35,1234.53,825,412,0.00,0.00,0,0
1598713919,s1-eth1,1246556.88,30353.29,1276910.25,30414,1249050,823.35,410.18,1233.53,411,825,0.00,0.00,0,0
1598713919,s3,0.00,0.00,0.00,0,0,0.00,0.00,0.00,0,0,0.00,0.00,0,0
1598713919,lo,0.00,0.00,0.00,0,0,0.00,0.00,0.00,0,0,0.00,0.00,0,0
1598713919,s4,0.00,0.00,0.00,0,0,0.00,0.00,0.00,0,0,0.00,0.00,0,0
1598713919,total,1276984.12,1277087.88,2554072.00,1279642,1279538,1234.53,1235.53,2470.06,1238,1237,0.00,0.00,0,0
1598713920,s5,0.00,0.00,0.00,0,0,0.00,0.00,0.00,0,0,0.00,0.00,0,0
1598713920,s1,0.00,0.00,0.00,0,0,0.00,0.00,0.00,0,0,0.00,0.00,0,0
1598713920,eth0,0.00,118.00,118.00,118,0,0.00,1.00,1.00,1,0,0.00,0.00,0,0
1598713920,eth1,0.00,0.00,0.00,0,0,0.00,0.00,0.00,0,0,0.00,0.00,0,0
1598713920,s2,0.00,0.00,0.00,0,0,0.00,0.00,0.00,0,0,0.00,0.00,0,0
1598713920,s1-eth2,30414.00,1242994.00,1273408.00,1242994,30414,411.00,821.00,1232.00,821,411,0.00,0.00,0,0
1598713920,s1-eth1,1242994.00,30488.00,1273482.00,30488,1242994,821.00,412.00,1233.00,412,821,0.00,0.00,0,0
1598713920,s3,0.00,0.00,0.00,0,0,0.00,0.00,0.00,0,0,0.00,0.00,0,0
1598713920,lo,172.00,172.00,344.00,172,172,3.00,3.00,6.00,3,3,0.00,0.00,0,0
1598713920,s4,0.00,0.00,0.00,0,0,0.00,0.00,0.00,0,0,0.00,0.00,0,0
1598713920,total,1273580.00,1273772.00,2547352.00,1273772,1273580,1235.00,1237.00,2472.00,1237,1235,0.00,0.00,0,0
1598713921,s5,0.00,0.00,0.00,0,0,0.00,0.00,0.00,0,0,0.00,0.00,0,0
1598713921,s1,0.00,0.00,0.00,0,0,0.00,0.00,0.00,0,0,0.00,0.00,0,0
1598713921,eth0,0.00,117.76,117.76,118,0,0.00,1.00,1.00,1,0,0.00,0.00,0,0
1598713921,eth1,0.00,0.00,0.00,0,0,0.00,0.00,0.00,0,0,0.00,0.00,0,0
1598713921,s2,0.00,0.00,0.00,0,0,0.00,0.00,0.00,0,0,0.00,0.00,0,0
1598713921,s1-eth2,30501.00,1248067.88,1278568.88,1250564,30562,412.18,824.35,1236.53,826,413,0.00,0.00,0,0
1598713921,s1-eth1,1248067.88,30427.15,1278495.00,30488,1250564,824.35,411.18,1235.53,412,826,0.00,0.00,0,0
1598713921,s3,0.00,0.00,0.00,0,0,0.00,0.00,0.00,0,0,0.00,0.00,0,0
1598713921,lo,686.63,686.63,1373.25,688,688,11.98,11.98,23.95,12,12,0.00,0.00,0,0
1598713921,s4,0.00,0.00,0.00,0,0,0.00,0.00,0.00,0,0,0.00,0.00,0,0
1598713921,total,1279255.50,1279299.38,2558555.00,1281858,1281814,1248.50,1248.50,2497.01,1251,1251,0.00,0.00,0,0
1598713922,s5,0.00,0.00,0.00,0,0,0.00,0.00,0.00,0,0,0.00,0.00,0,0
1598713922,s1,0.00,0.00,0.00,0,0,0.00,0.00,0.00,0,0,0.00,0.00,0,0
1598713922,eth0,0.00,118.00,118.00,118,0,0.00,1.00,1.00,1,0,0.00,0.00,0,0
1598713922,eth1,0.00,0.00,0.00,0,0,0.00,0.00,0.00,0,0,0.00,0.00,0,0
1598713922,s2,0.00,0.00,0.00,0,0,0.00,0.00,0.00,0,0,0.00,0.00,0,0
1598713922,s1-eth2,30488.00,1244508.00,1274996.00,1244508,30488,412.00,822.00,1234.00,822,412,0.00,0.00,0,0
1598713922,s1-eth1,1244508.00,30488.00,1274996.00,30488,1244508,822.00,412.00,1234.00,412,822,0.00,0.00,0,0
1598713922,s3,0.00,0.00,0.00,0,0,0.00,0.00,0.00,0,0,0.00,0.00,0,0
1598713922,lo,0.00,0.00,0.00,0,0,0.00,0.00,0.00,0,0,0.00,0.00,0,0
1598713922,s4,0.00,0.00,0.00,0,0,0.00,0.00,0.00,0,0,0.00,0.00,0,0
1598713922,total,1274996.00,1275114.00,2550110.00,1275114,1274996,1234.00,1235.00,2469.00,1235,1234,0.00,0.00,0,0
1598713923,s5,0.00,0.00,0.00,0,0,0.00,0.00,0.00,0,0,0.00,0.00,0,0
1598713923,s1,0.00,0.00,0.00,0,0,0.00,0.00,0.00,0,0,0.00,0.00,0,0
1598713923,eth0,0.00,118.00,118.00,118,0,0.00,1.00,1.00,1,0,0.00,0.00,0,0
1598713923,eth1,0.00,0.00,0.00,0,0,0.00,0.00,0.00,0,0,0.00,0.00,0,0
1598713923,s2,0.00,0.00,0.00,0,0,0.00,0.00,0.00,0,0,0.00,0.00,0,0
1598713923,s1-eth2,30118.00,1235424.00,1265542.00,1235424,30118,407.00,816.00,1223.00,816,407,0.00,0.00,0,0
1598713923,s1-eth1,1235424.00,30192.00,1265616.00,30192,1235424,816.00,408.00,1224.00,408,816,0.00,0.00,0,0
1598713923,s3,0.00,0.00,0.00,0,0,0.00,0.00,0.00,0,0,0.00,0.00,0,0
1598713923,lo,0.00,0.00,0.00,0,0,0.00,0.00,0.00,0,0,0.00,0.00,0,0
1598713923,s4,0.00,0.00,0.00,0,0,0.00,0.00,0.00,0,0,0.00,0.00,0,0
1598713923,total,1265542.00,1265734.00,2531276.00,1265734,1265542,1223.00,1225.00,2448.00,1225,1223,0.00,0.00,0,0
1598713924,s5,0.00,0.00,0.00,0,0,0.00,0.00,0.00,0,0,0.00,0.00,0,0
1598713924,s1,0.00,0.00,0.00,0,0,0.00,0.00,0.00,0,0,0.00,0.00,0,0
1598713924,eth0,0.00,117.88,117.88,118,0,0.00,1.00,1.00,1,0,0.00,0.00,0,0
1598713924,eth1,0.00,0.00,0.00,0,0,0.00,0.00,0.00,0,0,0.00,0.00,0,0
1598713924,s2,0.00,0.00,0.00,0,0,0.00,0.00,0.00,0,0,0.00,0.00,0,0
1598713924,s1-eth2,30383.62,1241752.25,1272135.88,1242994,30414,410.59,820.18,1230.77,821,411,0.00,0.00,0,0
1598713924,s1-eth1,1241752.25,30309.69,1272062.00,30340,1242994,820.18,409.59,1229.77,410,821,0.00,0.00,0,0
1598713924,s3,0.00,0.00,0.00,0,0,0.00,0.00,0.00,0,0,0.00,0.00,0,0
1598713924,lo,0.00,0.00,0.00,0,0,0.00,0.00,0.00,0,0,0.00,0.00,0,0
1598713924,s4,0.00,0.00,0.00,0,0,0.00,0.00,0.00,0,0,0.00,0.00,0,0
1598713924,total,1272135.88,1272179.88,2544315.75,1273452,1273408,1230.77,1230.77,2461.54,1232,1232,0.00,0.00,0,0
1598713925,s5,0.00,0.00,0.00,0,0,0.00,0.00,0.00,0,0,0.00,0.00,0,0
1598713925,s1,0.00,0.00,0.00,0,0,0.00,0.00,0.00,0,0,0.00,0.00,0,0
1598713925,eth0,0.00,117.88,117.88,118,0,0.00,1.00,1.00,1,0,0.00,0.00,0,0
1598713925,eth1,0.00,0.00,0.00,0,0,0.00,0.00,0.00,0,0,0.00,0.00,0,0
1598713925,s2,0.00,0.00,0.00,0,0,0.00,0.00,0.00,0,0,0.00,0.00,0,0
1598713925,s1-eth2,30577.42,1237214.88,1267792.25,1238452,30608,409.59,817.18,1226.77,818,410,0.00,0.00,0,0
1598713925,s1-eth1,1237214.88,30235.77,1267450.62,30266,1238452,817.18,408.59,1225.77,409,818,0.00,0.00,0,0
1598713925,s3,0.00,0.00,0.00,0,0,0.00,0.00,0.00,0,0,0.00,0.00,0,0
1598713925,lo,171.83,171.83,343.66,172,172,3.00,3.00,5.99,3,3,0.00,0.00,0,0
1598713925,s4,0.00,0.00,0.00,0,0,0.00,0.00,0.00,0,0,0.00,0.00,0,0
1598713925,total,1267964.12,1267740.25,2535704.25,1269008,1269232,1229.77,1229.77,2459.54,1231,1231,0.00,0.00,0,0
1598713926,s5,0.00,0.00,0.00,0,0,0.00,0.00,0.00,0,0,0.00,0.00,0,0
1598713926,s1,0.00,0.00,0.00,0,0,0.00,0.00,0.00,0,0,0.00,0.00,0,0
1598713926,eth0,0.00,178.00,178.00,178,0,0.00,2.00,2.00,2,0,0.00,0.00,0,0
1598713926,eth1,0.00,0.00,0.00,0,0,0.00,0.00,0.00,0,0,0.00,0.00,0,0
1598713926,s2,0.00,0.00,0.00,0,0,0.00,0.00,0.00,0,0,0.00,0.00,0,0
1598713926,s1-eth2,30530.00,1249050.00,1279580.00,1249050,30530,413.00,825.00,1238.00,825,413,0.00,0.00,0,0
1598713926,s1-eth1,1249392.00,30604.00,1279996.00,30604,1249392,826.00,414.00,1240.00,414,826,0.00,0.00,0,0
1598713926,s3,0.00,0.00,0.00,0,0,0.00,0.00,0.00,0,0,0.00,0.00,0,0
1598713926,lo,984.00,984.00,1968.00,984,984,15.00,15.00,30.00,15,15,0.00,0.00,0,0
1598713926,s4,0.00,0.00,0.00,0,0,0.00,0.00,0.00,0,0,0.00,0.00,0,0
1598713926,total,1280906.00,1280816.00,2561722.00,1280816,1280906,1254.00,1256.00,2510.00,1256,1254,0.00,0.00,0,0
1598713927,s5,0.00,0.00,0.00,0,0,0.00,0.00,0.00,0,0,0.00,0.00,0,0
1598713927,s1,0.00,0.00,0.00,0,0,0.00,0.00,0.00,0,0,0.00,0.00,0,0
1598713927,eth0,0.00,118.00,118.00,118,0,0.00,1.00,1.00,1,0,0.00,0.00,0,0
1598713927,eth1,0.00,0.00,0.00,0,0,0.00,0.00,0.00,0,0,0.00,0.00,0,0
1598713927,s2,0.00,0.00,0.00,0,0,0.00,0.00,0.00,0,0,0.00,0.00,0,0
1598713927,s1-eth2,30383.62,1243306.75,1273690.38,1244550,30414,410.59,822.18,1232.77,823,411,0.00,0.00,0,0
1598713927,s1-eth1,1244819.25,30383.62,1275202.88,30414,1246064,823.18,410.59,1233.77,411,824,0.00,0.00,0,0
1598713927,s3,0.00,0.00,0.00,0,0,0.00,0.00,0.00,0,0,0.00,0.00,0,0
1598713927,lo,0.00,0.00,0.00,0,0,0.00,0.00,0.00,0,0,0.00,0.00,0,0
1598713927,s4,0.00,0.00,0.00,0,0,0.00,0.00,0.00,0,0,0.00,0.00,0,0
1598713927,total,1275202.88,1273808.25,2549011.00,1275082,1276478,1233.77,1233.77,2467.53,1235,1235,0.00,0.00,0,0
1598713928,s5,0.00,0.00,0.00,0,0,0.00,0.00,0.00,0,0,0.00,0.00,0,0
1598713928,s1,0.00,0.00,0.00,0,0,0.00,0.00,0.00,0,0,0.00,0.00,0,0
1598713928,eth0,0.00,117.88,117.88,118,0,0.00,1.00,1.00,1,0,0.00,0.00,0,0
1598713928,eth1,0.00,0.00,0.00,0,0,0.00,0.00,0.00,0,0,0.00,0.00,0,0
1598713928,s2,0.00,0.00,0.00,0,0,0.00,0.00,0.00,0,0,0.00,0.00,0,0
1598713928,s1-eth2,30488.00,1247536.00,1278024.00,1247536,30488,412.00,824.00,1236.00,824,412,0.00,0.00,0,0
1598713928,s1-eth1,1246022.00,30488.00,1276510.00,30488,1246022,823.00,412.00,1235.00,412,823,0.00,0.00,0,0
1598713928,s3,0.00,0.00,0.00,0,0,0.00,0.00,0.00,0,0,0.00,0.00,0,0
1598713928,lo,0.00,0.00,0.00,0,0,0.00,0.00,0.00,0,0,0.00,0.00,0,0
1598713928,s4,0.00,0.00,0.00,0,0,0.00,0.00,0.00,0,0,0.00,0.00,0,0
1598713928,total,1275234.75,1276865.12,2552100.00,1278142,1276510,1233.77,1235.76,2469.53,1237,1235,0.00,0.00,0,0
1598713929,s5,0.00,0.00,0.00,0,0,0.00,0.00,0.00,0,0,0.00,0.00,0,0
1598713929,s1,0.00,0.00,0.00,0,0,0.00,0.00,0.00,0,0,0.00,0.00,0,0
1598713929,eth0,0.00,178.00,178.00,178,0,0.00,2.00,2.00,2,0,0.00,0.00,0,0
1598713929,eth1,0.00,0.00,0.00,0,0,0.00,0.00,0.00,0,0,0.00,0.00,0,0
1598713929,s2,0.00,0.00,0.00,0,0,0.00,0.00,0.00,0,0,0.00,0.00,0,0
1598713929,s1-eth2,30562.00,1250564.00,1281126.00,1250564,30562,413.00,826.00,1239.00,826,413,0.00,0.00,0,0
1598713929,s1-eth1,1250564.00,30562.00,1281126.00,30562,1250564,826.00,413.00,1239.00,413,826,0.00,0.00,0,0
1598713929,s3,0.00,0.00,0.00,0,0,0.00,0.00,0.00,0,0,0.00,0.00,0,0
1598713929,lo,0.00,0.00,0.00,0,0,0.00,0.00,0.00,0,0,0.00,0.00,0,0
1598713929,s4,0.00,0.00,0.00,0,0,0.00,0.00,0.00,0,0,0.00,0.00,0,0
1598713929,total,1281126.00,1281304.00,2562430.00,1281304,1281126,1239.00,1241.00,2480.00,1241,1239,0.00,0.00,0,0
1598713930,s5,0.00,0.00,0.00,0,0,0.00,0.00,0.00,0,0,0.00,0.00,0,0
1598713930,s1,0.00,0.00,0.00,0,0,0.00,0.00,0.00,0,0,0.00,0.00,0,0
1598713930,eth0,0.00,118.00,118.00,118,0,0.00,1.00,1.00,1,0,0.00,0.00,0,0
1598713930,eth1,0.00,0.00,0.00,0,0,0.00,0.00,0.00,0,0,0.00,0.00,0,0
1598713930,s2,0.00,0.00,0.00,0,0,0.00,0.00,0.00,0,0,0.00,0.00,0,0
1598713930,s1-eth2,30531.47,1249314.75,1279846.25,1250564,30562,412.59,825.17,1237.76,826,413,0.00,0.00,0,0
1598713930,s1-eth1,1249314.75,30531.47,1279846.25,30562,1250564,825.17,412.59,1237.76,413,826,0.00,0.00,0,0
1598713930,s3,0.00,0.00,0.00,0,0,0.00,0.00,0.00,0,0,0.00,0.00,0,0
1598713930,lo,0.00,0.00,0.00,0,0,0.00,0.00,0.00,0,0,0.00,0.00,0,0
1598713930,s4,0.00,0.00,0.00,0,0,0.00,0.00,0.00,0,0,0.00,0.00,0,0
1598713930,total,1279846.25,1279964.12,2559810.25,1281244,1281126,1237.76,1238.76,2476.52,1240,1239,0.00,0.00,0,0
1598713931,s5,0.00,0.00,0.00,0,0,0.00,0.00,0.00,0,0,0.00,0.00,0,0
1598713931,s1,0.00,0.00,0.00,0,0,0.00,0.00,0.00,0,0,0.00,0.00,0,0
1598713931,eth0,400.00,736.00,1136.00,736,400,5.00,6.00,11.00,6,5,0.00,0.00,0,0
1598713931,eth1,0.00,0.00,0.00,0,0,0.00,0.00,0.00,0,0,0.00,0.00,0,0
1598713931,s2,0.00,0.00,0.00,0,0,0.00,0.00,0.00,0,0,0.00,0.00,0,0
1598713931,s1-eth2,30488.00,1247536.00,1278024.00,1247536,30488,412.00,824.00,1236.00,824,412,0.00,0.00,0,0
1598713931,s1-eth1,1247536.00,30488.00,1278024.00,30488,1247536,824.00,412.00,1236.00,412,824,0.00,0.00,0,0
1598713931,s3,0.00,0.00,0.00,0,0,0.00,0.00,0.00,0,0,0.00,0.00,0,0
1598713931,lo,1542.00,1542.00,3084.00,1542,1542,23.00,23.00,46.00,23,23,0.00,0.00,0,0
1598713931,s4,0.00,0.00,0.00,0,0,0.00,0.00,0.00,0,0,0.00,0.00,0,0
1598713931,total,1279966.00,1280302.00,2560268.00,1280302,1279966,1264.00,1265.00,2529.00,1265,1264,0.00,0.00,0,0
1598713932,s5,0.00,0.00,0.00,0,0,0.00,0.00,0.00,0,0,0.00,0.00,0,0
1598713932,s1,0.00,0.00,0.00,0,0,0.00,0.00,0.00,0,0,0.00,0.00,0,0
1598713932,eth0,151.85,362.64,514.49,363,152,2.00,3.00,5.00,3,2,0.00,0.00,0,0
1598713932,eth1,0.00,0.00,0.00,0,0,0.00,0.00,0.00,0,0,0.00,0.00,0,0
1598713932,s2,0.00,0.00,0.00,0,0,0.00,0.00,0.00,0,0,0.00,0.00,0,0
1598713932,s1-eth2,30531.47,1249314.75,1279846.25,1250564,30562,412.59,825.17,1237.76,826,413,0.00,0.00,0,0
1598713932,s1-eth1,1249314.75,30531.47,1279846.25,30562,1250564,825.17,412.59,1237.76,413,826,0.00,0.00,0,0
1598713932,s3,0.00,0.00,0.00,0,0,0.00,0.00,0.00,0,0,0.00,0.00,0,0
1598713932,lo,340.66,340.66,681.32,341,341,4.00,4.00,7.99,4,4,0.00,0.00,0,0
1598713932,s4,0.00,0.00,0.00,0,0,0.00,0.00,0.00,0,0,0.00,0.00,0,0
1598713932,total,1280338.75,1280549.50,2560888.25,1281830,1281619,1243.76,1244.76,2488.51,1246,1245,0.00,0.00,0,0
1598713933,s5,0.00,0.00,0.00,0,0,0.00,0.00,0.00,0,0,0.00,0.00,0,0
1598713933,s1,0.00,0.00,0.00,0,0,0.00,0.00,0.00,0,0,0.00,0.00,0,0
1598713933,eth0,0.00,118.00,118.00,118,0,0.00,1.00,1.00,1,0,0.00,0.00,0,0
1598713933,eth1,0.00,0.00,0.00,0,0,0.00,0.00,0.00,0,0,0.00,0.00,0,0
1598713933,s2,0.00,0.00,0.00,0,0,0.00,0.00,0.00,0,0,0.00,0.00,0,0
1598713933,s1-eth2,30266.00,1238452.00,1268718.00,1238452,30266,409.00,818.00,1227.00,818,409,0.00,0.00,0,0
1598713933,s1-eth1,1236938.00,30192.00,1267130.00,30192,1236938,817.00,408.00,1225.00,408,817,0.00,0.00,0,0
1598713933,s3,0.00,0.00,0.00,0,0,0.00,0.00,0.00,0,0,0.00,0.00,0,0
1598713933,lo,0.00,0.00,0.00,0,0,0.00,0.00,0.00,0,0,0.00,0.00,0,0
1598713933,s4,0.00,0.00,0.00,0,0,0.00,0.00,0.00,0,0,0.00,0.00,0,0
1598713933,total,1267204.00,1268762.00,2535966.00,1268762,1267204,1226.00,1227.00,2453.00,1227,1226,0.00,0.00,0,0
1598713934,s5,0.00,0.00,0.00,0,0,0.00,0.00,0.00,0,0,0.00,0.00,0,0
1598713934,s1,0.00,0.00,0.00,0,0,0.00,0.00,0.00,0,0,0.00,0.00,0,0
1598713934,eth0,0.00,118.00,118.00,118,0,0.00,1.00,1.00,1,0,0.00,0.00,0,0
1598713934,eth1,0.00,0.00,0.00,0,0,0.00,0.00,0.00,0,0,0.00,0.00,0,0
1598713934,s2,0.00,0.00,0.00,0,0,0.00,0.00,0.00,0,0,0.00,0.00,0,0
1598713934,s1-eth2,30373.00,1238452.00,1268825.00,1238452,30373,410.00,818.00,1228.00,818,410,0.00,0.00,0,0
1598713934,s1-eth1,1238559.00,30266.00,1268825.00,30266,1238559,819.00,409.00,1228.00,409,819,0.00,0.00,0,0
1598713934,s3,0.00,0.00,0.00,0,0,0.00,0.00,0.00,0,0,0.00,0.00,0,0
1598713934,lo,0.00,0.00,0.00,0,0,0.00,0.00,0.00,0,0,0.00,0.00,0,0
1598713934,s4,0.00,0.00,0.00,0,0,0.00,0.00,0.00,0,0,0.00,0.00,0,0
1598713934,total,1268932.00,1268836.00,2537768.00,1268836,1268932,1229.00,1228.00,2457.00,1228,1229,0.00,0.00,0,0
1598713935,s5,0.00,0.00,0.00,0,0,0.00,0.00,0.00,0,0,0.00,0.00,0,0
1598713935,s1,0.00,0.00,0.00,0,0,0.00,0.00,0.00,0,0,0.00,0.00,0,0
1598713935,eth0,0.00,178.00,178.00,178,0,0.00,2.00,2.00,2,0,0.00,0.00,0,0
1598713935,eth1,0.00,0.00,0.00,0,0,0.00,0.00,0.00,0,0,0.00,0.00,0,0
1598713935,s2,0.00,0.00,0.00,0,0,0.00,0.00,0.00,0,0,0.00,0.00,0,0
1598713935,s1-eth2,30118.00,1233910.00,1264028.00,1233910,30118,407.00,815.00,1222.00,815,407,0.00,0.00,0,0
1598713935,s1-eth1,1234252.00,30192.00,1264444.00,30192,1234252,816.00,408.00,1224.00,408,816,0.00,0.00,0,0
1598713935,s3,0.00,0.00,0.00,0,0,0.00,0.00,0.00,0,0,0.00,0.00,0,0
1598713935,lo,0.00,0.00,0.00,0,0,0.00,0.00,0.00,0,0,0.00,0.00,0,0
1598713935,s4,0.00,0.00,0.00,0,0,0.00,0.00,0.00,0,0,0.00,0.00,0,0
1598713935,total,1264370.00,1264280.00,2528650.00,1264280,1264370,1223.00,1225.00,2448.00,1225,1223,0.00,0.00,0,0
1598713936,s5,0.00,0.00,0.00,0,0,0.00,0.00,0.00,0,0,0.00,0.00,0,0
1598713936,s1,0.00,0.00,0.00,0,0,0.00,0.00,0.00,0,0,0.00,0.00,0,0
1598713936,eth0,60.00,178.00,238.00,178,60,1.00,2.00,3.00,2,1,0.00,0.00,0,0
1598713936,eth1,0.00,0.00,0.00,0,0,0.00,0.00,0.00,0,0,0.00,0.00,0,0
1598713936,s2,0.00,0.00,0.00,0,0,0.00,0.00,0.00,0,0,0.00,0.00,0,0
1598713936,s1-eth2,30978.00,1250564.00,1281542.00,1250564,30978,415.00,826.00,1241.00,826,415,0.00,0.00,0,0
1598713936,s1-eth1,1250564.00,30562.00,1281126.00,30562,1250564,826.00,413.00,1239.00,413,826,0.00,0.00,0,0
1598713936,s3,0.00,0.00,0.00,0,0,0.00,0.00,0.00,0,0,0.00,0.00,0,0
1598713936,lo,860.00,860.00,1720.00,860,860,15.00,15.00,30.00,15,15,0.00,0.00,0,0
1598713936,s4,0.00,0.00,0.00,0,0,0.00,0.00,0.00,0,0,0.00,0.00,0,0
1598713936,total,1282462.00,1282164.00,2564626.00,1282164,1282462,1257.00,1256.00,2513.00,1256,1257,0.00,0.00,0,0
1598713937,s5,0.00,0.00,0.00,0,0,0.00,0.00,0.00,0,0,0.00,0.00,0,0
1598713937,s1,0.00,0.00,0.00,0,0,0.00,0.00,0.00,0,0,0.00,0.00,0,0
1598713937,eth0,0.00,118.00,118.00,118,0,0.00,1.00,1.00,1,0,0.00,0.00,0,0
1598713937,eth1,0.00,0.00,0.00,0,0,0.00,0.00,0.00,0,0,0.00,0.00,0,0
1598713937,s2,0.00,0.00,0.00,0,0,0.00,0.00,0.00,0,0,0.00,0.00,0,0
1598713937,s1-eth2,30414.00,1246022.00,1276436.00,1246022,30414,411.00,823.00,1234.00,823,411,0.00,0.00,0,0
1598713937,s1-eth1,1246022.00,30488.00,1276510.00,30488,1246022,823.00,412.00,1235.00,412,823,0.00,0.00,0,0
1598713937,s3,0.00,0.00,0.00,0,0,0.00,0.00,0.00,0,0,0.00,0.00,0,0
1598713937,lo,0.00,0.00,0.00,0,0,0.00,0.00,0.00,0,0,0.00,0.00,0,0
1598713937,s4,0.00,0.00,0.00,0,0,0.00,0.00,0.00,0,0,0.00,0.00,0,0
1598713937,total,1276436.00,1276628.00,2553064.00,1276628,1276436,1234.00,1236.00,2470.00,1236,1234,0.00,0.00,0,0
1598713938,s5,0.00,0.00,0.00,0,0,0.00,0.00,0.00,0,0,0.00,0.00,0,0
1598713938,s1,0.00,0.00,0.00,0,0,0.00,0.00,0.00,0,0,0.00,0.00,0,0
1598713938,eth0,0.00,117.88,117.88,118,0,0.00,1.00,1.00,1,0,0.00,0.00,0,0
1598713938,eth1,0.00,0.00,0.00,0,0,0.00,0.00,0.00,0,0,0.00,0.00,0,0
1598713938,s2,0.00,0.00,0.00,0,0,0.00,0.00,0.00,0,0,0.00,0.00,0,0
1598713938,s1-eth2,30383.62,1244777.25,1275160.88,1246022,30414,410.59,822.18,1232.77,823,411,0.00,0.00,0,0
1598713938,s1-eth1,1243264.75,30383.62,1273648.38,30414,1244508,821.18,410.59,1231.77,411,822,0.00,0.00,0,0
1598713938,s3,0.00,0.00,0.00,0,0,0.00,0.00,0.00,0,0,0.00,0.00,0,0
1598713938,lo,0.00,0.00,0.00,0,0,0.00,0.00,0.00,0,0,0.00,0.00,0,0
1598713938,s4,0.00,0.00,0.00,0,0,0.00,0.00,0.00,0,0,0.00,0.00,0,0
1598713938,total,1273648.38,1275278.75,2548927.25,1276554,1274922,1231.77,1233.77,2465.53,1235,1233,0.00,0.00,0,0
1598713939,s5,0.00,0.00,0.00,0,0,0.00,0.00,0.00,0,0,0.00,0.00,0,0
1598713939,s1,0.00,0.00,0.00,0,0,0.00,0.00,0.00,0,0,0.00,0.00,0,0
1598713939,eth0,0.00,178.00,178.00,178,0,0.00,2.00,2.00,2,0,0.00,0.00,0,0
1598713939,eth1,0.00,0.00,0.00,0,0,0.00,0.00,0.00,0,0,0.00,0.00,0,0
1598713939,s2,0.00,0.00,0.00,0,0,0.00,0.00,0.00,0,0,0.00,0.00,0,0
1598713939,s1-eth2,29748.00,1217256.00,1247004.00,1217256,29748,402.00,804.00,1206.00,804,402,0.00,0.00,0,0
1598713939,s1-eth1,1217256.00,29748.00,1247004.00,29748,1217256,804.00,402.00,1206.00,402,804,0.00,0.00,0,0
1598713939,s3,0.00,0.00,0.00,0,0,0.00,0.00,0.00,0,0,0.00,0.00,0,0
1598713939,lo,0.00,0.00,0.00,0,0,0.00,0.00,0.00,0,0,0.00,0.00,0,0
1598713939,s4,0.00,0.00,0.00,0,0,0.00,0.00,0.00,0,0,0.00,0.00,0,0
1598713939,total,1247004.00,1247182.00,2494186.00,1247182,1247004,1206.00,1208.00,2414.00,1208,1206,0.00,0.00,0,0
1598713941,s5,0.00,0.00,0.00,0,0,0.00,0.00,0.00,0,0,0.00,0.00,0,0
1598713941,s1,0.00,0.00,0.00,0,0,0.00,0.00,0.00,0,0,0.00,0.00,0,0
1598713941,eth0,0.00,118.00,118.00,118,0,0.00,1.00,1.00,1,0,0.00,0.00,0,0
1598713941,eth1,0.00,0.00,0.00,0,0,0.00,0.00,0.00,0,0,0.00,0.00,0,0
1598713941,s2,0.00,0.00,0.00,0,0,0.00,0.00,0.00,0,0,0.00,0.00,0,0
1598713941,s1-eth2,30340.00,1239966.00,1270306.00,1239966,30340,410.00,819.00,1229.00,819,410,0.00,0.00,0,0
1598713941,s1-eth1,1239966.00,30266.00,1270232.00,30266,1239966,819.00,409.00,1228.00,409,819,0.00,0.00,0,0
1598713941,s3,0.00,0.00,0.00,0,0,0.00,0.00,0.00,0,0,0.00,0.00,0,0
1598713941,lo,0.00,0.00,0.00,0,0,0.00,0.00,0.00,0,0,0.00,0.00,0,0
1598713941,s4,0.00,0.00,0.00,0,0,0.00,0.00,0.00,0,0,0.00,0.00,0,0
1598713941,total,1270306.00,1270350.00,2540656.00,1270350,1270306,1229.00,1229.00,2458.00,1229,1229,0.00,0.00,0,0
1598713942,s5,0.00,0.00,0.00,0,0,0.00,0.00,0.00,0,0,0.00,0.00,0,0
1598713942,s1,0.00,0.00,0.00,0,0,0.00,0.00,0.00,0,0,0.00,0.00,0,0
1598713942,eth0,0.00,117.88,117.88,118,0,0.00,1.00,1.00,1,0,0.00,0.00,0,0
1598713942,eth1,0.00,0.00,0.00,0,0,0.00,0.00,0.00,0,0,0.00,0.00,0,0
1598713942,s2,0.00,0.00,0.00,0,0,0.00,0.00,0.00,0,0,0.00,0.00,0,0
1598713942,s1-eth2,30457.54,1247802.25,1278259.75,1249050,30488,411.59,824.18,1235.76,825,412,0.00,0.00,0,0
1598713942,s1-eth1,1247802.25,30531.47,1278333.75,30562,1249050,824.18,412.59,1236.76,413,825,0.00,0.00,0,0
1598713942,s3,0.00,0.00,0.00,0,0,0.00,0.00,0.00,0,0,0.00,0.00,0,0
1598713942,lo,859.14,859.14,1718.28,860,860,14.99,14.99,29.97,15,15,0.00,0.00,0,0
1598713942,s4,0.00,0.00,0.00,0,0,0.00,0.00,0.00,0,0,0.00,0.00,0,0
1598713942,total,1279118.88,1279310.75,2558429.75,1280590,1280398,1250.75,1252.75,2503.50,1254,1252,0.00,0.00,0,0
1598713943,s5,0.00,0.00,0.00,0,0,0.00,0.00,0.00,0,0,0.00,0.00,0,0
1598713943,s1,0.00,0.00,0.00,0,0,0.00,0.00,0.00,0,0,0.00,0.00,0,0
1598713943,eth0,0.00,178.00,178.00,178,0,0.00,2.00,2.00,2,0,0.00,0.00,0,0
1598713943,eth1,0.00,0.00,0.00,0,0,0.00,0.00,0.00,0,0,0.00,0.00,0,0
1598713943,s2,0.00,0.00,0.00,0,0,0.00,0.00,0.00,0,0,0.00,0.00,0,0
1598713943,s1-eth2,29970.00,1226340.00,1256310.00,1226340,29970,405.00,810.00,1215.00,810,405,0.00,0.00,0,0
1598713943,s1-eth1,1224826.00,29896.00,1254722.00,29896,1224826,809.00,404.00,1213.00,404,809,0.00,0.00,0,0
1598713943,s3,0.00,0.00,0.00,0,0,0.00,0.00,0.00,0,0,0.00,0.00,0,0
1598713943,lo,0.00,0.00,0.00,0,0,0.00,0.00,0.00,0,0,0.00,0.00,0,0
1598713943,s4,0.00,0.00,0.00,0,0,0.00,0.00,0.00,0,0,0.00,0.00,0,0
1598713943,total,1254796.00,1256414.00,2511210.00,1256414,1254796,1214.00,1216.00,2430.00,1216,1214,0.00,0.00,0,0
1598713944,s5,0.00,0.00,0.00,0,0,0.00,0.00,0.00,0,0,0.00,0.00,0,0
1598713944,s1,0.00,0.00,0.00,0,0,0.00,0.00,0.00,0,0,0.00,0.00,0,0
1598713944,eth0,0.00,118.00,118.00,118,0,0.00,1.00,1.00,1,0,0.00,0.00,0,0
1598713944,eth1,0.00,0.00,0.00,0,0,0.00,0.00,0.00,0,0,0.00,0.00,0,0
1598713944,s2,0.00,0.00,0.00,0,0,0.00,0.00,0.00,0,0,0.00,0.00,0,0
1598713944,s1-eth2,30340.00,1242994.00,1273334.00,1242994,30340,410.00,821.00,1231.00,821,410,0.00,0.00,0,0
1598713944,s1-eth1,1242994.00,30414.00,1273408.00,30414,1242994,821.00,411.00,1232.00,411,821,0.00,0.00,0,0
1598713944,s3,0.00,0.00,0.00,0,0,0.00,0.00,0.00,0,0,0.00,0.00,0,0
1598713944,lo,0.00,0.00,0.00,0,0,0.00,0.00,0.00,0,0,0.00,0.00,0,0
1598713944,s4,0.00,0.00,0.00,0,0,0.00,0.00,0.00,0,0,0.00,0.00,0,0
1598713944,total,1273334.00,1273526.00,2546860.00,1273526,1273334,1231.00,1233.00,2464.00,1233,1231,0.00,0.00,0,0
1598713945,s5,0.00,0.00,0.00,0,0,0.00,0.00,0.00,0,0,0.00,0.00,0,0
1598713945,s1,0.00,0.00,0.00,0,0,0.00,0.00,0.00,0,0,0.00,0.00,0,0
1598713945,eth0,0.00,117.88,117.88,118,0,0.00,1.00,1.00,1,0,0.00,0.00,0,0
1598713945,eth1,0.00,0.00,0.00,0,0,0.00,0.00,0.00,0,0,0.00,0.00,0,0
1598713945,s2,0.00,0.00,0.00,0,0,0.00,0.00,0.00,0,0,0.00,0.00,0,0
1598713945,s1-eth2,30725.28,1241752.25,1272477.50,1242994,30756,411.59,820.18,1231.77,821,412,0.00,0.00,0,0
1598713945,s1-eth1,1240239.75,30309.69,1270549.50,30340,1241480,819.18,409.59,1228.77,410,820,0.00,0.00,0,0
1598713945,s3,0.00,0.00,0.00,0,0,0.00,0.00,0.00,0,0,0.00,0.00,0,0
1598713945,lo,0.00,0.00,0.00,0,0,0.00,0.00,0.00,0,0,0.00,0.00,0,0
1598713945,s4,0.00,0.00,0.00,0,0,0.00,0.00,0.00,0,0,0.00,0.00,0,0
1598713945,total,1270965.12,1272179.88,2543145.00,1273452,1272236,1230.77,1230.77,2461.54,1232,1232,0.00,0.00,0,0
1598713946,s5,0.00,0.00,0.00,0,0,0.00,0.00,0.00,0,0,0.00,0.00,0,0
1598713946,s1,0.00,0.00,0.00,0,0,0.00,0.00,0.00,0,0,0.00,0.00,0,0
1598713946,eth0,0.00,117.88,117.88,118,0,0.00,1.00,1.00,1,0,0.00,0.00,0,0
1598713946,eth1,0.00,0.00,0.00,0,0,0.00,0.00,0.00,0,0,0.00,0.00,0,0
1598713946,s2,0.00,0.00,0.00,0,0,0.00,0.00,0.00,0,0,0.00,0.00,0,0
1598713946,s1-eth2,30383.62,1244777.25,1275160.88,1246022,30414,410.59,822.18,1232.77,823,411,0.00,0.00,0,0
1598713946,s1-eth1,1245118.88,30457.54,1275576.50,30488,1246364,823.18,411.59,1234.77,412,824,0.00,0.00,0,0
1598713946,s3,0.00,0.00,0.00,0,0,0.00,0.00,0.00,0,0,0.00,0.00,0,0
1598713946,lo,0.00,0.00,0.00,0,0,0.00,0.00,0.00,0,0,0.00,0.00,0,0
1598713946,s4,0.00,0.00,0.00,0,0,0.00,0.00,0.00,0,0,0.00,0.00,0,0
1598713946,total,1275502.50,1275352.62,2550855.25,1276628,1276778,1233.77,1234.77,2468.53,1236,1235,0.00,0.00,0,0
1598713947,s5,0.00,0.00,0.00,0,0,0.00,0.00,0.00,0,0,0.00,0.00,0,0
1598713947,s1,0.00,0.00,0.00,0,0,0.00,0.00,0.00,0,0,0.00,0.00,0,0
1598713947,eth0,0.00,118.00,118.00,118,0,0.00,1.00,1.00,1,0,0.00,0.00,0,0
1598713947,eth1,0.00,0.00,0.00,0,0,0.00,0.00,0.00,0,0,0.00,0.00,0,0
1598713947,s2,0.00,0.00,0.00,0,0,0.00,0.00,0.00,0,0,0.00,0.00,0,0
1598713947,s1-eth2,30266.00,1236938.00,1267204.00,1236938,30266,409.00,817.00,1226.00,817,409,0.00,0.00,0,0
1598713947,s1-eth1,1236938.00,30266.00,1267204.00,30266,1236938,817.00,409.00,1226.00,409,817,0.00,0.00,0,0
1598713947,s3,0.00,0.00,0.00,0,0,0.00,0.00,0.00,0,0,0.00,0.00,0,0
1598713947,lo,860.00,860.00,1720.00,860,860,15.00,15.00,30.00,15,15,0.00,0.00,0,0
1598713947,s4,0.00,0.00,0.00,0,0,0.00,0.00,0.00,0,0,0.00,0.00,0,0
1598713947,total,1268064.00,1268182.00,2536246.00,1268182,1268064,1241.00,1242.00,2483.00,1242,1241,0.00,0.00,0,0
1598713948,s5,0.00,0.00,0.00,0,0,0.00,0.00,0.00,0,0,0.00,0.00,0,0
1598713948,s1,0.00,0.00,0.00,0,0,0.00,0.00,0.00,0,0,0.00,0.00,0,0
1598713948,eth0,0.00,178.00,178.00,178,0,0.00,2.00,2.00,2,0,0.00,0.00,0,0
1598713948,eth1,0.00,0.00,0.00,0,0,0.00,0.00,0.00,0,0,0.00,0.00,0,0
1598713948,s2,0.00,0.00,0.00,0,0,0.00,0.00,0.00,0,0,0.00,0.00,0,0
1598713948,s1-eth2,30562.00,1249050.00,1279612.00,1249050,30562,413.00,825.00,1238.00,825,413,0.00,0.00,0,0
1598713948,s1-eth1,1249050.00,30562.00,1279612.00,30562,1249050,825.00,413.00,1238.00,413,825,0.00,0.00,0,0
1598713948,s3,0.00,0.00,0.00,0,0,0.00,0.00,0.00,0,0,0.00,0.00,0,0
1598713948,lo,0.00,0.00,0.00,0,0,0.00,0.00,0.00,0,0,0.00,0.00,0,0
1598713948,s4,0.00,0.00,0.00,0,0,0.00,0.00,0.00,0,0,0.00,0.00,0,0
1598713948,total,1279612.00,1279790.00,2559402.00,1279790,1279612,1238.00,1240.00,2478.00,1240,1238,0.00,0.00,0,0
1598713949,s5,0.00,0.00,0.00,0,0,0.00,0.00,0.00,0,0,0.00,0.00,0,0
1598713949,s1,0.00,0.00,0.00,0,0,0.00,0.00,0.00,0,0,0.00,0.00,0,0
1598713949,eth0,0.00,118.00,118.00,118,0,0.00,1.00,1.00,1,0,0.00,0.00,0,0
1598713949,eth1,0.00,0.00,0.00,0,0,0.00,0.00,0.00,0,0,0.00,0.00,0,0
1598713949,s2,0.00,0.00,0.00,0,0,0.00,0.00,0.00,0,0,0.00,0.00,0,0
1598713949,s1-eth2,30488.00,1246022.00,1276510.00,1246022,30488,412.00,823.00,1235.00,823,412,0.00,0.00,0,0
1598713949,s1-eth1,1246022.00,30414.00,1276436.00,30414,1246022,823.00,411.00,1234.00,411,823,0.00,0.00,0,0
1598713949,s3,0.00,0.00,0.00,0,0,0.00,0.00,0.00,0,0,0.00,0.00,0,0
1598713949,lo,0.00,0.00,0.00,0,0,0.00,0.00,0.00,0,0,0.00,0.00,0,0
1598713949,s4,0.00,0.00,0.00,0,0,0.00,0.00,0.00,0,0,0.00,0.00,0,0
1598713949,total,1276510.00,1276554.00,2553064.00,1276554,1276510,1235.00,1235.00,2470.00,1235,1235,0.00,0.00,0,0
1598713950,s5,0.00,0.00,0.00,0,0,0.00,0.00,0.00,0,0,0.00,0.00,0,0
1598713950,s1,0.00,0.00,0.00,0,0,0.00,0.00,0.00,0,0,0.00,0.00,0,0
1598713950,eth0,304.00,668.00,972.00,668,304,4.00,6.00,10.00,6,4,0.00,0.00,0,0
1598713950,eth1,0.00,0.00,0.00,0,0,0.00,0.00,0.00,0,0,0.00,0.00,0,0
1598713950,s2,0.00,0.00,0.00,0,0,0.00,0.00,0.00,0,0,0.00,0.00,0,0
1598713950,s1-eth2,30940.00,1250564.00,1281504.00,1250564,30940,414.00,826.00,1240.00,826,414,0.00,0.00,0,0
1598713950,s1-eth1,1249502.00,30562.00,1280064.00,30562,1249502,827.00,413.00,1240.00,413,827,0.00,0.00,0,0
1598713950,s3,0.00,0.00,0.00,0,0,0.00,0.00,0.00,0,0,0.00,0.00,0,0
1598713950,lo,682.00,682.00,1364.00,682,682,8.00,8.00,16.00,8,8,0.00,0.00,0,0
1598713950,s4,0.00,0.00,0.00,0,0,0.00,0.00,0.00,0,0,0.00,0.00,0,0
1598713950,total,1281428.00,1282476.00,2563904.00,1282476,1281428,1253.00,1253.00,2506.00,1253,1253,0.00,0.00,0,0
1598713951,s5,0.00,0.00,0.00,0,0,0.00,0.00,0.00,0,0,0.00,0.00,0,0
1598713951,s1,0.00,0.00,0.00,0,0,0.00,0.00,0.00,0,0,0.00,0.00,0,0
1598713951,eth0,152.00,363.00,515.00,363,152,2.00,3.00,5.00,3,2,0.00,0.00,0,0
1598713951,eth1,0.00,0.00,0.00,0,0,0.00,0.00,0.00,0,0,0.00,0.00,0,0
1598713951,s2,0.00,0.00,0.00,0,0,0.00,0.00,0.00,0,0,0.00,0.00,0,0
1598713951,s1-eth2,30750.00,1250564.00,1281314.00,1250564,30750,415.00,826.00,1241.00,826,415,0.00,0.00,0,0
1598713951,s1-eth1,1250752.00,30562.00,1281314.00,30562,1250752,828.00,413.00,1241.00,413,828,0.00,0.00,0,0
1598713951,s3,0.00,0.00,0.00,0,0,0.00,0.00,0.00,0,0,0.00,0.00,0,0
1598713951,lo,341.00,341.00,682.00,341,341,4.00,4.00,8.00,4,4,0.00,0.00,0,0
1598713951,s4,0.00,0.00,0.00,0,0,0.00,0.00,0.00,0,0,0.00,0.00,0,0
1598713951,total,1281995.00,1281830.00,2563825.00,1281830,1281995,1249.00,1246.00,2495.00,1246,1249,0.00,0.00,0,0
1598713952,s5,0.00,0.00,0.00,0,0,0.00,0.00,0.00,0,0,0.00,0.00,0,0
1598713952,s1,0.00,0.00,0.00,0,0,0.00,0.00,0.00,0,0,0.00,0.00,0,0
1598713952,eth0,304.00,608.00,912.00,608,304,4.00,5.00,9.00,5,4,0.00,0.00,0,0
1598713952,eth1,0.00,0.00,0.00,0,0,0.00,0.00,0.00,0,0,0.00,0.00,0,0
1598713952,s2,0.00,0.00,0.00,0,0,0.00,0.00,0.00,0,0,0.00,0.00,0,0
1598713952,s1-eth2,32087.00,1240008.00,1272095.00,1240008,32087,420.00,820.00,1240.00,820,420,0.00,0.00,0,0
1598713952,s1-eth1,1240163.00,30308.00,1270471.00,30308,1240163,828.00,410.00,1238.00,410,828,0.00,0.00,0,0
1598713952,s3,0.00,0.00,0.00,0,0,0.00,0.00,0.00,0,0,0.00,0.00,0,0
1598713952,lo,1542.00,1542.00,3084.00,1542,1542,23.00,23.00,46.00,23,23,0.00,0.00,0,0
1598713952,s4,0.00,0.00,0.00,0,0,0.00,0.00,0.00,0,0,0.00,0.00,0,0
1598713952,total,1274096.00,1272466.00,2546562.00,1272466,1274096,1275.00,1258.00,2533.00,1258,1275,0.00,0.00,0,0
1598713953,s5,0.00,0.00,0.00,0,0,0.00,0.00,0.00,0,0,0.00,0.00,0,0
1598713953,s1,0.00,0.00,0.00,0,0,0.00,0.00,0.00,0,0,0.00,0.00,0,0
1598713953,eth0,248.00,491.00,739.00,491,248,3.00,4.00,7.00,4,3,0.00,0.00,0,0
1598713953,eth1,0.00,0.00,0.00,0,0,0.00,0.00,0.00,0,0,0.00,0.00,0,0
1598713953,s2,0.00,0.00,0.00,0,0,0.00,0.00,0.00,0,0,0.00,0.00,0,0
1598713953,s1-eth2,31525.00,1250564.00,1282089.00,1250564,31525,417.00,826.00,1243.00,826,417,0.00,0.00,0,0
1598713953,s1-eth1,1250123.00,30488.00,1280611.00,30488,1250123,830.00,412.00,1242.00,412,830,0.00,0.00,0,0
1598713953,s3,0.00,0.00,0.00,0,0,0.00,0.00,0.00,0,0,0.00,0.00,0,0
1598713953,lo,341.00,341.00,682.00,341,341,4.00,4.00,8.00,4,4,0.00,0.00,0,0
1598713953,s4,0.00,0.00,0.00,0,0,0.00,0.00,0.00,0,0,0.00,0.00,0,0
1598713953,total,1280956.12,1280603.38,2561559.50,1281884,1282237,1252.75,1244.76,2497.50,1246,1254,0.00,0.00,0,0
1598713954,s5,0.00,0.00,0.00,0,0,0.00,0.00,0.00,0,0,0.00,0.00,0,0
1598713954,s1,0.00,0.00,0.00,0,0,0.00,0.00,0.00,0,0,0.00,0.00,0,0
1598713954,eth0,0.00,117.76,117.76,118,0,0.00,1.00,1.00,1,0,0.00,0.00,0,0
1598713954,eth1,0.00,0.00,0.00,0,0,0.00,0.00,0.00,0,0,0.00,0.00,0,0
1598713954,s2,0.00,0.00,0.00,0,0,0.00,0.00,0.00,0,0,0.00,0.00,0,0
1598713954,s1-eth2,30384.23,1228425.12,1258809.38,1230882,30445,407.19,811.38,1218.56,813,408,0.00,0.00,0,0
1598713954,s1-eth1,1230262.50,30057.88,1260320.38,30118,1232723,813.37,406.19,1219.56,407,815,0.00,0.00,0,0
1598713954,s3,0.00,0.00,0.00,0,0,0.00,0.00,0.00,0,0,0.00,0.00,0,0
1598713954,lo,0.00,0.00,0.00,0,0,0.00,0.00,0.00,0,0,0.00,0.00,0,0
1598713954,s4,0.00,0.00,0.00,0,0,0.00,0.00,0.00,0,0,0.00,0.00,0,0
1598713954,total,1260646.75,1258600.88,2519247.50,1261118,1263168,1220.56,1218.56,2439.12,1221,1223,0.00,0.00,0,0
1598713955,s5,0.00,0.00,0.00,0,0,0.00,0.00,0.00,0,0,0.00,0.00,0,0
1598713955,s1,0.00,0.00,0.00,0,0,0.00,0.00,0.00,0,0,0.00,0.00,0,0
1598713955,eth0,59.88,177.64,237.52,178,60,1.00,2.00,2.99,2,1,0.00,0.00,0,0
1598713955,eth1,0.00,0.00,0.00,0,0,0.00,0.00,0.00,0,0,0.00,0.00,0,0
1598713955,s2,0.00,0.00,0.00,0,0,0.00,0.00,0.00,0,0,0.00,0.00,0,0
1598713955,s1-eth2,30504.99,1231447.12,1261952.12,1233910,30566,409.18,813.37,1222.55,815,410,0.00,0.00,0,0
1598713955,s1-eth1,1231820.38,30131.74,1261952.12,30192,1234284,815.37,407.19,1222.55,408,817,0.00,0.00,0,0
1598713955,s3,0.00,0.00,0.00,0,0,0.00,0.00,0.00,0,0,0.00,0.00,0,0
1598713955,lo,0.00,0.00,0.00,0,0,0.00,0.00,0.00,0,0,0.00,0.00,0,0
1598713955,s4,0.00,0.00,0.00,0,0,0.00,0.00,0.00,0,0,0.00,0.00,0,0
1598713955,total,1262385.25,1261756.50,2524141.75,1264280,1264910,1225.55,1222.55,2448.10,1225,1228,0.00,0.00,0,0
1598713956,s5,0.00,0.00,0.00,0,0,0.00,0.00,0.00,0,0,0.00,0.00,0,0
1598713956,s1,0.00,0.00,0.00,0,0,0.00,0.00,0.00,0,0,0.00,0.00,0,0
1598713956,eth0,0.00,117.88,117.88,118,0,0.00,1.00,1.00,1,0,0.00,0.00,0,0
1598713956,eth1,0.00,0.00,0.00,0,0,0.00,0.00,0.00,0,0,0.00,0.00,0,0
1598713956,s2,0.00,0.00,0.00,0,0,0.00,0.00,0.00,0,0,0.00,0.00,0,0
1598713956,s1-eth2,30974.03,1240239.75,1271213.88,1241480,31005,411.59,819.18,1230.77,820,412,0.00,0.00,0,0
1598713956,s1-eth1,1240636.38,30309.69,1270946.12,30340,1241877,821.18,409.59,1230.77,410,822,0.00,0.00,0,0
1598713956,s3,0.00,0.00,0.00,0,0,0.00,0.00,0.00,0,0,0.00,0.00,0,0
1598713956,lo,0.00,0.00,0.00,0,0,0.00,0.00,0.00,0,0,0.00,0.00,0,0
1598713956,s4,0.00,0.00,0.00,0,0,0.00,0.00,0.00,0,0,0.00,0.00,0,0
1598713956,total,1271610.38,1270667.38,2542277.75,1271938,1272882,1232.77,1229.77,2462.54,1231,1234,0.00,0.00,0,0
1598713957,s5,0.00,0.00,0.00,0,0,0.00,0.00,0.00,0,0,0.00,0.00,0,0
1598713957,s1,0.00,0.00,0.00,0,0,0.00,0.00,0.00,0,0,0.00,0.00,0,0
1598713957,eth0,0.00,118.00,118.00,118,0,0.00,1.00,1.00,1,0,0.00,0.00,0,0
1598713957,eth1,0.00,0.00,0.00,0,0,0.00,0.00,0.00,0,0,0.00,0.00,0,0
1598713957,s2,0.00,0.00,0.00,0,0,0.00,0.00,0.00,0,0,0.00,0.00,0,0
1598713957,s1-eth2,30340.00,1239966.00,1270306.00,1239966,30340,410.00,819.00,1229.00,819,410,0.00,0.00,0,0
1598713957,s1-eth1,1239966.00,30340.00,1270306.00,30340,1239966,819.00,410.00,1229.00,410,819,0.00,0.00,0,0
1598713957,s3,0.00,0.00,0.00,0,0,0.00,0.00,0.00,0,0,0.00,0.00,0,0
1598713957,lo,860.00,860.00,1720.00,860,860,15.00,15.00,30.00,15,15,0.00,0.00,0,0
1598713957,s4,0.00,0.00,0.00,0,0,0.00,0.00,0.00,0,0,0.00,0.00,0,0
1598713957,total,1271166.00,1271284.00,2542450.00,1271284,1271166,1244.00,1245.00,2489.00,1245,1244,0.00,0.00,0,0
1598713958,s5,0.00,0.00,0.00,0,0,0.00,0.00,0.00,0,0,0.00,0.00,0,0
1598713958,s1,0.00,0.00,0.00,0,0,0.00,0.00,0.00,0,0,0.00,0.00,0,0
1598713958,eth0,164.00,282.00,446.00,282,164,2.00,3.00,5.00,3,2,0.00,0.00,0,0
1598713958,eth1,0.00,0.00,0.00,0,0,0.00,0.00,0.00,0,0,0.00,0.00,0,0
1598713958,s2,0.00,0.00,0.00,0,0,0.00,0.00,0.00,0,0,0.00,0.00,0,0
1598713958,s1-eth2,30488.00,1250564.00,1281052.00,1250564,30488,412.00,826.00,1238.00,826,412,0.00,0.00,0,0
1598713958,s1-eth1,1249392.00,30488.00,1279880.00,30488,1249392,826.00,412.00,1238.00,412,826,0.00,0.00,0,0
1598713958,s3,0.00,0.00,0.00,0,0,0.00,0.00,0.00,0,0,0.00,0.00,0,0
1598713958,lo,0.00,0.00,0.00,0,0,0.00,0.00,0.00,0,0,0.00,0.00,0,0
1598713958,s4,0.00,0.00,0.00,0,0,0.00,0.00,0.00,0,0,0.00,0.00,0,0
1598713958,total,1280044.00,1281334.00,2561378.00,1281334,1280044,1240.00,1241.00,2481.00,1241,1240,0.00,0.00,0,0
1598713959,s5,0.00,0.00,0.00,0,0,0.00,0.00,0.00,0,0,0.00,0.00,0,0
1598713959,s1,0.00,0.00,0.00,0,0,0.00,0.00,0.00,0,0,0.00,0.00,0,0
1598713959,eth0,0.00,118.00,118.00,118,0,0.00,1.00,1.00,1,0,0.00,0.00,0,0
1598713959,eth1,0.00,0.00,0.00,0,0,0.00,0.00,0.00,0,0,0.00,0.00,0,0
1598713959,s2,0.00,0.00,0.00,0,0,0.00,0.00,0.00,0,0,0.00,0.00,0,0
1598713959,s1-eth2,30225.00,1229368.00,1259593.00,1229368,30225,408.00,812.00,1220.00,812,408,0.00,0.00,0,0
1598713959,s1-eth1,1230989.00,30044.00,1261033.00,30044,1230989,814.00,406.00,1220.00,406,814,0.00,0.00,0,0
1598713959,s3,0.00,0.00,0.00,0,0,0.00,0.00,0.00,0,0,0.00,0.00,0,0
1598713959,lo,0.00,0.00,0.00,0,0,0.00,0.00,0.00,0,0,0.00,0.00,0,0
1598713959,s4,0.00,0.00,0.00,0,0,0.00,0.00,0.00,0,0,0.00,0.00,0,0
1598713959,total,1261214.00,1259530.00,2520744.00,1259530,1261214,1222.00,1219.00,2441.00,1219,1222,0.00,0.00,0,0
1598713960,s5,0.00,0.00,0.00,0,0,0.00,0.00,0.00,0,0,0.00,0.00,0,0
1598713960,s1,0.00,0.00,0.00,0,0,0.00,0.00,0.00,0,0,0.00,0.00,0,0
1598713960,eth0,0.00,178.00,178.00,178,0,0.00,2.00,2.00,2,0,0.00,0.00,0,0
1598713960,eth1,0.00,0.00,0.00,0,0,0.00,0.00,0.00,0,0,0.00,0.00,0,0
1598713960,s2,0.00,0.00,0.00,0,0,0.00,0.00,0.00,0,0,0.00,0.00,0,0
1598713960,s1-eth2,30632.00,1249050.00,1279682.00,1249050,30632,414.00,825.00,1239.00,825,414,0.00,0.00,0,0
1598713960,s1-eth1,1249120.00,30562.00,1279682.00,30562,1249120,826.00,413.00,1239.00,413,826,0.00,0.00,0,0
1598713960,s3,0.00,0.00,0.00,0,0,0.00,0.00,0.00,0,0,0.00,0.00,0,0
1598713960,lo,0.00,0.00,0.00,0,0,0.00,0.00,0.00,0,0,0.00,0.00,0,0
1598713960,s4,0.00,0.00,0.00,0,0,0.00,0.00,0.00,0,0,0.00,0.00,0,0
1598713960,total,1279752.00,1279790.00,2559542.00,1279790,1279752,1240.00,1240.00,2480.00,1240,1240,0.00,0.00,0,0
1598713961,s5,0.00,0.00,0.00,0,0,0.00,0.00,0.00,0,0,0.00,0.00,0,0
1598713961,s1,0.00,0.00,0.00,0,0,0.00,0.00,0.00,0,0,0.00,0.00,0,0
1598713961,eth0,0.00,0.00,0.00,0,0,0.00,0.00,0.00,0,0,0.00,0.00,0,0
1598713961,eth1,0.00,0.00,0.00,0,0,0.00,0.00,0.00,0,0,0.00,0.00,0,0
1598713961,s2,0.00,0.00,0.00,0,0,0.00,0.00,0.00,0,0,0.00,0.00,0,0
1598713961,s1-eth2,30562.00,1250564.00,1281126.00,1250564,30562,413.00,826.00,1239.00,826,413,0.00,0.00,0,0
1598713961,s1-eth1,1250564.00,30562.00,1281126.00,30562,1250564,826.00,413.00,1239.00,413,826,0.00,0.00,0,0
1598713961,s3,0.00,0.00,0.00,0,0,0.00,0.00,0.00,0,0,0.00,0.00,0,0
1598713961,lo,0.00,0.00,0.00,0,0,0.00,0.00,0.00,0,0,0.00,0.00,0,0
1598713961,s4,0.00,0.00,0.00,0,0,0.00,0.00,0.00,0,0,0.00,0.00,0,0
1598713961,total,1281126.00,1281126.00,2562252.00,1281126,1281126,1239.00,1239.00,2478.00,1239,1239,0.00,0.00,0,0
1598713962,s5,0.00,0.00,0.00,0,0,0.00,0.00,0.00,0,0,0.00,0.00,0,0
1598713962,s1,0.00,0.00,0.00,0,0,0.00,0.00,0.00,0,0,0.00,0.00,0,0
1598713962,eth0,0.00,117.88,117.88,118,0,0.00,1.00,1.00,1,0,0.00,0.00,0,0
1598713962,eth1,0.00,0.00,0.00,0,0,0.00,0.00,0.00,0,0,0.00,0.00,0,0
1598713962,s2,0.00,0.00,0.00,0,0,0.00,0.00,0.00,0,0,0.00,0.00,0,0
1598713962,s1-eth2,30531.47,1249314.75,1279846.25,1250564,30562,412.59,825.17,1237.76,826,413,0.00,0.00,0,0
1598713962,s1-eth1,1249314.75,30531.47,1279846.25,30562,1250564,825.17,412.59,1237.76,413,826,0.00,0.00,0,0
1598713962,s3,0.00,0.00,0.00,0,0,0.00,0.00,0.00,0,0,0.00,0.00,0,0
1598713962,lo,859.14,859.14,1718.28,860,860,14.99,14.99,29.97,15,15,0.00,0.00,0,0
1598713962,s4,0.00,0.00,0.00,0,0,0.00,0.00,0.00,0,0,0.00,0.00,0,0
1598713962,total,1280705.38,1280823.25,2561528.50,1282104,1281986,1252.75,1253.75,2506.49,1255,1254,0.00,0.00,0,0
1598713963,s5,0.00,0.00,0.00,0,0,0.00,0.00,0.00,0,0,0.00,0.00,0,0
1598713963,s1,0.00,0.00,0.00,0,0,0.00,0.00,0.00,0,0,0.00,0.00,0,0
1598713963,eth0,163.84,281.72,445.55,282,164,2.00,3.00,5.00,3,2,0.00,0.00,0,0
1598713963,eth1,0.00,0.00,0.00,0,0,0.00,0.00,0.00,0,0,0.00,0.00,0,0
1598713963,s2,0.00,0.00,0.00,0,0,0.00,0.00,0.00,0,0,0.00,0.00,0,0
1598713963,s1-eth2,16571.43,648835.19,665406.62,649484,16588,223.78,431.57,655.34,432,224,0.00,0.00,0,0
1598713963,s1-eth1,670010.00,16571.43,686581.44,16588,670680,445.55,223.78,669.33,224,446,0.00,0.00,0,0
1598713963,s3,0.00,0.00,0.00,0,0,0.00,0.00,0.00,0,0,0.00,0.00,0,0
1598713963,lo,0.00,0.00,0.00,0,0,0.00,0.00,0.00,0,0,0.00,0.00,0,0
1598713963,s4,0.00,0.00,0.00,0,0,0.00,0.00,0.00,0,0,0.00,0.00,0,0
1598713963,total,686745.25,665688.31,1352433.62,666354,687432,671.33,658.34,1329.67,659,672,0.00,0.00,0,0
1598713964,s5,0.00,0.00,0.00,0,0,0.00,0.00,0.00,0,0,0.00,0.00,0,0
1598713964,s1,0.00,0.00,0.00,0,0,0.00,0.00,0.00,0,0,0.00,0.00,0,0
1598713964,eth0,0.00,118.00,118.00,118,0,0.00,1.00,1.00,1,0,0.00,0.00,0,0
1598713964,eth1,0.00,0.00,0.00,0,0,0.00,0.00,0.00,0,0,0.00,0.00,0,0
1598713964,s2,0.00,0.00,0.00,0,0,0.00,0.00,0.00,0,0,0.00,0.00,0,0
1598713964,s1-eth2,342.00,0.00,342.00,0,342,1.00,0.00,1.00,0,1,0.00,0.00,0,0
1598713964,s1-eth1,0.00,0.00,0.00,0,0,0.00,0.00,0.00,0,0,0.00,0.00,0,0
1598713964,s3,0.00,0.00,0.00,0,0,0.00,0.00,0.00,0,0,0.00,0.00,0,0
1598713964,lo,0.00,0.00,0.00,0,0,0.00,0.00,0.00,0,0,0.00,0.00,0,0
1598713964,s4,0.00,0.00,0.00,0,0,0.00,0.00,0.00,0,0,0.00,0.00,0,0
1598713964,total,342.00,118.00,460.00,118,342,1.00,1.00,2.00,1,1,0.00,0.00,0,0
1598713965,s5,0.00,0.00,0.00,0,0,0.00,0.00,0.00,0,0,0.00,0.00,0,0
1598713965,s1,0.00,0.00,0.00,0,0,0.00,0.00,0.00,0,0,0.00,0.00,0,0
1598713965,eth0,0.00,117.88,117.88,118,0,0.00,1.00,1.00,1,0,0.00,0.00,0,0
1598713965,eth1,0.00,0.00,0.00,0,0,0.00,0.00,0.00,0,0,0.00,0.00,0,0
1598713965,s2,0.00,0.00,0.00,0,0,0.00,0.00,0.00,0,0,0.00,0.00,0,0
1598713965,s1-eth2,0.00,0.00,0.00,0,0,0.00,0.00,0.00,0,0,0.00,0.00,0,0
1598713965,s1-eth1,0.00,0.00,0.00,0,0,0.00,0.00,0.00,0,0,0.00,0.00,0,0
1598713965,s3,0.00,0.00,0.00,0,0,0.00,0.00,0.00,0,0,0.00,0.00,0,0
1598713965,lo,0.00,0.00,0.00,0,0,0.00,0.00,0.00,0,0,0.00,0.00,0,0
1598713965,s4,0.00,0.00,0.00,0,0,0.00,0.00,0.00,0,0,0.00,0.00,0,0
1598713965,total,0.00,117.88,117.88,118,0,0.00,1.00,1.00,1,0,0.00,0.00,0,0
1598713966,s5,0.00,0.00,0.00,0,0,0.00,0.00,0.00,0,0,0.00,0.00,0,0
1598713966,s1,0.00,0.00,0.00,0,0,0.00,0.00,0.00,0,0,0.00,0.00,0,0
1598713966,eth0,0.00,118.00,118.00,118,0,0.00,1.00,1.00,1,0,0.00,0.00,0,0
1598713966,eth1,0.00,0.00,0.00,0,0,0.00,0.00,0.00,0,0,0.00,0.00,0,0
1598713966,s2,0.00,0.00,0.00,0,0,0.00,0.00,0.00,0,0,0.00,0.00,0,0
1598713966,s1-eth2,0.00,0.00,0.00,0,0,0.00,0.00,0.00,0,0,0.00,0.00,0,0
1598713966,s1-eth1,0.00,0.00,0.00,0,0,0.00,0.00,0.00,0,0,0.00,0.00,0,0
1598713966,s3,0.00,0.00,0.00,0,0,0.00,0.00,0.00,0,0,0.00,0.00,0,0
1598713966,lo,0.00,0.00,0.00,0,0,0.00,0.00,0.00,0,0,0.00,0.00,0,0
1598713966,s4,0.00,0.00,0.00,0,0,0.00,0.00,0.00,0,0,0.00,0.00,0,0
1598713966,total,0.00,118.00,118.00,118,0,0.00,1.00,1.00,1,0,0.00,0.00,0,0
1598713967,s5,0.00,0.00,0.00,0,0,0.00,0.00,0.00,0,0,0.00,0.00,0,0
1598713967,s1,0.00,0.00,0.00,0,0,0.00,0.00,0.00,0,0,0.00,0.00,0,0
1598713967,eth0,0.00,118.00,118.00,118,0,0.00,1.00,1.00,1,0,0.00,0.00,0,0
1598713967,eth1,0.00,0.00,0.00,0,0,0.00,0.00,0.00,0,0,0.00,0.00,0,0
1598713967,s2,0.00,0.00,0.00,0,0,0.00,0.00,0.00,0,0,0.00,0.00,0,0
1598713967,s1-eth2,107.00,0.00,107.00,0,107,1.00,0.00,1.00,0,1,0.00,0.00,0,0
1598713967,s1-eth1,107.00,0.00,107.00,0,107,1.00,0.00,1.00,0,1,0.00,0.00,0,0
1598713967,s3,0.00,0.00,0.00,0,0,0.00,0.00,0.00,0,0,0.00,0.00,0,0
1598713967,lo,860.00,860.00,1720.00,860,860,15.00,15.00,30.00,15,15,0.00,0.00,0,0
1598713967,s4,0.00,0.00,0.00,0,0,0.00,0.00,0.00,0,0,0.00,0.00,0,0
1598713967,total,1074.00,978.00,2052.00,978,1074,17.00,16.00,33.00,16,17,0.00,0.00,0,0
1598713968,s5,0.00,0.00,0.00,0,0,0.00,0.00,0.00,0,0,0.00,0.00,0,0
1598713968,s1,0.00,0.00,0.00,0,0,0.00,0.00,0.00,0,0,0.00,0.00,0,0
1598713968,eth0,0.00,304.00,304.00,304,0,0.00,3.00,3.00,3,0,0.00,0.00,0,0
1598713968,eth1,0.00,0.00,0.00,0,0,0.00,0.00,0.00,0,0,0.00,0.00,0,0
1598713968,s2,0.00,0.00,0.00,0,0,0.00,0.00,0.00,0,0,0.00,0.00,0,0
1598713968,s1-eth2,0.00,0.00,0.00,0,0,0.00,0.00,0.00,0,0,0.00,0.00,0,0
1598713968,s1-eth1,0.00,0.00,0.00,0,0,0.00,0.00,0.00,0,0,0.00,0.00,0,0
1598713968,s3,0.00,0.00,0.00,0,0,0.00,0.00,0.00,0,0,0.00,0.00,0,0
1598713968,lo,0.00,0.00,0.00,0,0,0.00,0.00,0.00,0,0,0.00,0.00,0,0
1598713968,s4,0.00,0.00,0.00,0,0,0.00,0.00,0.00,0,0,0.00,0.00,0,0
1598713968,total,0.00,303.70,303.70,304,0,0.00,3.00,3.00,3,0,0.00,0.00,0,0
1598713969,s5,0.00,0.00,0.00,0,0,0.00,0.00,0.00,0,0,0.00,0.00,0,0
1598713969,s1,0.00,0.00,0.00,0,0,0.00,0.00,0.00,0,0,0.00,0.00,0,0
1598713969,eth0,0.00,117.88,117.88,118,0,0.00,1.00,1.00,1,0,0.00,0.00,0,0
1598713969,eth1,0.00,0.00,0.00,0,0,0.00,0.00,0.00,0,0,0.00,0.00,0,0
1598713969,s2,0.00,0.00,0.00,0,0,0.00,0.00,0